data/ctd_cnv_files/2024.03.21 Okaro 2 0002.cnv
* Sea-Bird SBE19plus  Data File:
* FileName = C:\Users\dcastle\Documents\CTD\SBE19plus_01908200_2024_03_27_0002.hex
* Software version 2.8.0.119
* Temperature SN = 8200
* Conductivity SN = 8200
* System UpLoad Time = Mar 27 2024 14:47:05
* <ApplicationData>
* <Seaterm232>
# nquan = 16
# nvalues = 410                                   
# units = specified
# name 0 = depFM: Depth [fresh water, m]
# name 1 = tv290C: Temperature [ITS-90, deg C]
# name 2 = tv268C: Temperature [IPTS-68, deg C]
# name 3 = specc: Specific Conductance [uS/cm]
# name 4 = c0uS/cm: Conductivity [uS/cm]
# name 5 = prdE: Pressure, Strain Gauge [psi]
# name 6 = sbeox0Mg/L: Oxygen, SBE 43 [mg/l]
# name 7 = sbeox0PS: Oxygen, SBE 43 [% saturation]
# name 8 = oxsolMg/L: Oxygen Saturation, Garcia & Gordon [mg/l]
# name 9 = oxsatMg/L: Oxygen Saturation, Weiss [mg/l]
# name 10 = par/sat/log: PAR/Logarithmic, Satlantic [umol photons/m^2/sec]
# name 11 = flCM: Fluorescence, Chelsea Mini Chl Con [ug/l]
# name 12 = CStarAt0: Beam Attenuation, WET Labs C-Star [1/m]
# name 13 = CStarTr0: Beam Transmission, WET Labs C-Star [%]
# name 14 = density00: Density [density, kg/m^3]
# name 15 = flag:  0.000e+00
# span 0 =     -0.517,     16.072                 
# span 1 =     9.9154,    18.3992                 
# span 2 =     9.9177,    18.4037                 
# span 3 =      0.443,    223.825                 
# span 4 =   0.378993, 156.335725                 
# span 5 =     -0.736,     22.860                 
# span 6 =    -0.7599,     9.9148                 
# span 7 =     -6.903,    105.230                 
# span 8 =    9.38729,   11.30669                 
# span 9 =    9.37223,   11.29561                 
# span 10 = 1.1258e-01, 4.6527e+03                
# span 11 =    -0.3612,    36.3321                
# span 12 =     1.6611,    55.2620                
# span 13 =    -1.1062,    66.0166                
# span 14 =   998.5629,   999.8666                
# span 15 = 0.0000e+00, 0.0000e+00                
# interval = seconds: 0.25
# start_time = Mar 21 2024 12:45:14 [Instrument's time stamp, header]
# bad_flag = -9.990e-29
*END*
[from data line 181]
      4.994    17.8928    17.8971     99.553  85.410529      7.103     6.3792     67.255    9.48511    9.47042 1.0079e+02     4.4552     1.7848    64.0059   998.6775  0.000e+00
      5.058    17.8794    17.8837     99.515  85.351090      7.194     6.3734     67.175    9.48773    9.47305 9.5931e+01     4.2792     1.7840    64.0178   998.6803  0.000e+00
      5.100    17.8678    17.8721     99.853  85.618588      7.254     6.3615     67.034    9.48999    9.47531 9.3241e+01     4.0545     1.7993    63.7735   998.6827  0.000e+00
      5.136    17.8635    17.8678     99.864  85.618590      7.305     6.3716     67.134    9.49083    9.47616 9.2834e+01     4.0355     1.7818    64.0533   998.6837  0.000e+00
      5.189    17.8917    17.8960     99.486  85.351088      7.381     6.3871     67.337    9.48533    9.47064 9.0409e+01     3.9994     1.7728    64.1984   998.6786  0.000e+00
      5.248    17.9093    17.9136     99.307  85.232198      7.464     6.4196     67.704    9.48191    9.46721 8.8048e+01     3.9591     1.7480    64.5967   998.6756  0.000e+00
      5.303    17.9047    17.9090     99.525  85.410528      7.543     6.4459     67.974    9.48280    9.46810 8.6976e+01     3.9210     1.7589    64.4220   998.6767  0.000e+00
      5.356    17.8951    17.8994     99.409  85.291645      7.619     6.4670     68.183    9.48468    9.46998 8.4908e+01     3.8701     1.7779    64.1155   998.6787  0.000e+00
      5.414    17.8856    17.8899     99.431  85.291648      7.701     6.4695     68.197    9.48654    9.47185 8.0812e+01     3.9401     1.7790    64.0992   998.6807  0.000e+00
      5.460    17.8780    17.8822     99.691  85.499701      7.765     6.4754     68.248    9.48802    9.47333 8.0424e+01     3.8256     1.7869    63.9719   998.6824  0.000e+00
      5.510    17.8765    17.8808     99.591  85.410537      7.837     6.4887     68.387    9.48830    9.47362 7.7421e+01     3.8871     1.7938    63.8623   998.6829  0.000e+00
      5.573    17.8728    17.8771     99.322  85.172768      7.926     6.4936     68.433    9.48902    9.47434 7.5779e+01     3.7811     1.8111    63.5869   998.6837  0.000e+00
      5.627    17.8670    17.8712     99.544  85.351098      8.003     6.4943     68.432    9.49016    9.47549 7.3429e+01     3.9888     1.7845    64.0104   998.6851  0.000e+00
      5.682    17.8563    17.8606     99.430  85.232216      8.082     6.4828     68.295    9.49225    9.47758 7.1043e+01     3.9401     1.7746    64.1688   998.6873  0.000e+00
      5.748    17.8458    17.8501     99.246  85.053893      8.175     6.4783     68.233    9.49429    9.47964 6.9537e+01     3.8934     1.7513    64.5434   998.6895  0.000e+00
      5.802    17.8386    17.8429     99.471  85.232222      8.252     6.4539     67.966    9.49571    9.48105 6.8886e+01     3.8955     1.7485    64.5893   998.6911  0.000e+00
      5.853    17.8326    17.8369     99.485  85.232224      8.325     6.4326     67.734    9.49687    9.48222 6.6299e+01     3.9867     1.7563    64.4634   998.6924  0.000e+00
      5.913    17.8257    17.8300     99.292  85.053899      8.410     6.4004     67.385    9.49823    9.48359 6.4201e+01     4.0291     1.7626    64.3613   998.6939  0.000e+00
      5.963    17.8203    17.8245     99.375  85.113343      8.481     6.3619     66.972    9.49929    9.48465 6.4510e+01     3.9676     1.7532    64.5138   998.6952  0.000e+00
      6.012    17.8164    17.8206     99.453  85.172787      8.550     6.3187     66.512    9.50005    9.48541 6.2292e+01     3.9973     1.7710    64.2265   998.6961  0.000e+00
      6.070    17.8140    17.8183     99.215  84.964741      8.634     6.2963     66.273    9.50051    9.48588 6.0123e+01     3.9761     1.7619    64.3731   998.6967  0.000e+00
      6.149    17.8110    17.8153     99.014  84.786418      8.747     6.2740     66.035    9.50111    9.48648 5.8925e+01     3.9040     1.7602    64.3998   998.6976  0.000e+00
      6.218    17.8092    17.8135     99.088  84.845860      8.844     6.2594     65.878    9.50146    9.48683 5.7726e+01     3.9210     1.7623    64.3672   998.6982  0.000e+00
      6.291    17.8144    17.8187     98.868  84.667536      8.947     6.2616     65.908    9.50045    9.48582 5.4630e+01     3.7895     1.7456    64.6352   998.6975  0.000e+00
      6.371    17.8124    17.8167     98.872  84.667537      9.062     6.2538     65.824    9.50084    9.48621 5.2786e+01     3.8150     1.7545    64.4916   998.6983  0.000e+00
      6.438    17.8083    17.8126     98.951  84.726980      9.158     6.2545     65.826    9.50163    9.48700 5.1984e+01     3.7471     1.7549    64.4857   998.6993  0.000e+00
      6.493    17.8036    17.8079     99.101  84.845864      9.235     6.2579     65.854    9.50256    9.48793 5.0196e+01     3.7048     1.7530    64.5167   998.7005  0.000e+00
      6.519    17.7965    17.8008     99.569  85.232239      9.272     6.2491     65.752    9.50393    9.48931 4.9509e+01     3.6390     1.7549    64.4857   998.7021  0.000e+00
      6.544    17.8011    17.8054     99.315  85.024190      9.307     6.2310     65.569    9.50304    9.48842 4.8714e+01     3.6984     1.7563    64.4634   998.7013  0.000e+00
      6.581    17.8165    17.8208     99.210  84.964744      9.360     6.2389     65.672    9.50002    9.48539 4.8005e+01     3.5733     1.7510    64.5493   998.6986  0.000e+00
      6.623    17.8241    17.8283     99.192  84.964743      9.420     6.2574     65.877    9.49855    9.48391 4.6222e+01     3.5648     1.7656    64.3139   998.6974  0.000e+00
      6.695    17.8258    17.8301     98.911  84.726977      9.522     6.2680     65.991    9.49822    9.48358 4.4633e+01     3.6475     1.7490    64.5804   998.6973  0.000e+00
      6.775    17.8191    17.8234     98.787  84.608098      9.637     6.2718     66.023    9.49953    9.48489 4.4273e+01     3.9379     1.7522    64.5286   998.6988  0.000e+00
      6.831    17.8115    17.8158     99.221  84.964748      9.715     6.2548     65.833    9.50100    9.48637 4.3315e+01     3.9231     1.7237    64.9905   998.7006  0.000e+00
      6.876    17.7985    17.8028     99.321  85.024194      9.780     6.2581     65.850    9.50355    9.48893 4.2202e+01     4.0143     1.7516    64.5390   998.7033  0.000e+00
      6.929    17.7888    17.7931     99.066  84.786430      9.856     6.3161     66.447    9.50545    9.49083 4.1289e+01     3.9019     1.7387    64.7477   998.7052  0.000e+00
      7.002    17.7834    17.7877     98.870  84.608109      9.960     6.4327     67.666    9.50652    9.49191 4.0096e+01     3.9761     1.7389    64.7448   998.7064  0.000e+00
      7.091    17.7771    17.7814     98.711  84.459511     10.086     6.5673     69.073    9.50776    9.49315 3.8096e+01     3.8955     1.7368    64.7788   998.7079  0.000e+00
      7.166    17.7733    17.7776     98.824  84.548673     10.193     6.7082     70.549    9.50850    9.49389 3.6947e+01     4.0037     1.7617    64.3761   998.7090  0.000e+00
      7.239    17.7731    17.7774     98.824  84.548674     10.296     6.8489     72.029    9.50853    9.49393 3.6021e+01     3.8044     1.7651    64.3213   998.7094  0.000e+00
      7.318    17.7673    17.7716     98.803  84.518956     10.409     6.9571     73.158    9.50966    9.49506 3.4660e+01     3.8659     1.7395    64.7344   998.7108  0.000e+00
      7.390    17.7631    17.7674     98.812  84.518957     10.511     7.0186     73.799    9.51049    9.49589 3.2945e+01     3.8298     1.7390    64.7433   998.7119  0.000e+00
      7.447    17.7632    17.7675     98.986  84.667559     10.592     7.0187     73.800    9.51047    9.49587 3.2268e+01     3.7832     1.8314    63.2641   998.7122  0.000e+00
      7.488    17.7640    17.7682     99.054  84.727000     10.650     6.9584     73.166    9.51032    9.49572 3.2197e+01     3.9125     1.9525    61.3778   998.7122  0.000e+00
      7.523    17.7613    17.7656     99.129  84.786443     10.700     6.8612     72.141    9.51084    9.49624 3.1459e+01     3.9803     1.8351    63.2064   998.7129  0.000e+00
      7.543    17.7578    17.7620     99.277  84.905327     10.729     6.7638     71.111    9.51153    9.49693 3.1370e+01     4.0757     1.8815    62.4764   998.7137  0.000e+00
      7.570    17.7553    17.7595     99.213  84.845886     10.768     6.6454     69.863    9.51202    9.49743 3.0577e+01     4.2368     1.8243    63.3767   998.7142  0.000e+00
      7.613    17.7610    17.7653     98.991  84.667561     10.828     6.5537     68.907    9.51089    9.49630 3.0067e+01     4.0842     1.7808    64.0696   998.7133  0.000e+00
      7.641    17.7655    17.7698     99.259  84.905325     10.868     6.4626     67.956    9.51001    9.49541 3.0008e+01     4.0863     1.8408    63.1161   998.7127  0.000e+00
      7.666    17.7637    17.7680     99.193  84.845884     10.904     6.4131     67.432    9.51036    9.49577 2.9307e+01     4.0694     1.7552    64.4812   998.7131  0.000e+00
      7.719    17.7650    17.7693     98.912  84.608120     10.979     6.3698     66.979    9.51012    9.49552 2.8535e+01     4.0906     1.7120    65.1815   998.7130  0.000e+00
      7.783    17.7655    17.7698     98.842  84.548680     11.070     6.3577     66.852    9.51002    9.49542 2.7826e+01     4.2920     1.7338    64.8277   998.7132  0.000e+00
      7.856    17.7324    17.7367     98.814  84.459529     11.174     6.3525     66.752    9.51651    9.50193 2.6893e+01     4.1966     1.8739    62.5964   998.7196  0.000e+00
      7.918    17.5144    17.5186     99.391  84.519030     11.262     6.3877     66.821    9.55944    9.54502 2.6127e+01     4.2411     1.8397    63.1338   998.7595  0.000e+00
      7.968    17.2407    17.2448    100.140  84.608266     11.333     6.4719     67.318    9.61383    9.59961 2.5523e+01     4.2729     1.8479    63.0035   998.8087  0.000e+00
      8.042    17.0432    17.0473     99.480  83.657290     11.438     6.5681     68.039    9.65345    9.63936 2.4414e+01     4.4510     1.8831    62.4513   998.8434  0.000e+00
      8.116    16.7136    16.7176     99.340  82.884699     11.543     6.7022     68.951    9.72022    9.70636 2.3595e+01     4.5993     1.9682    61.1365   998.9006  0.000e+00
      8.155    16.4112    16.4151    101.609  84.162693     11.599     6.8203     69.722    9.78215    9.76849 2.2989e+01     4.5781     1.8789    62.5179   998.9526  0.000e+00
      8.191    16.1249    16.1287    101.666  83.627822     11.650     6.9265     70.380    9.84150    9.82803 2.2541e+01     4.8792     1.8888    62.3624   999.0002  0.000e+00
      8.249    15.9823    15.9862    100.642  82.498567     11.733     7.0024     70.937    9.87131    9.85793 2.1709e+01     5.0276     1.9286    61.7450   999.0234  0.000e+00
      8.308    15.8953    15.8991    100.457  82.171702     11.817     7.0747     71.537    9.88958    9.87626 2.1072e+01     5.1548     2.0508    59.8883   999.0376  0.000e+00
      8.360    15.7989    15.8027    100.694  82.171728     11.891     7.1535     72.186    9.90987    9.89661 2.0135e+01     5.0827     2.1058    59.0695   999.0534  0.000e+00
      8.422    15.5460    15.5497     99.380  80.596857     11.979     7.2596     72.862    9.96354    9.95043 1.9160e+01     5.0636     1.9887    60.8241   999.0934  0.000e+00
      8.486    15.1464    15.1500     99.889  80.210675     12.070     7.3793     73.431   10.04934   10.03647 1.8643e+01     5.7123     2.0188    60.3680   999.1558  0.000e+00
      8.537    14.9229    14.9265    100.746  80.448448     12.143     7.4394     73.673   10.09787   10.08514 1.7861e+01     6.0409     2.1082    59.0340   999.1901  0.000e+00
      8.587    14.7344    14.7380    100.364  79.765075     12.214     7.4827     73.800   10.13918   10.12655 1.7051e+01     6.2084     2.2241    57.3490   999.2183  0.000e+00
      8.650    14.4665    14.4700     99.841  78.814334     12.304     7.5089     73.628   10.19841   10.18593 1.5996e+01     7.1453     2.4953    53.5897   999.2575  0.000e+00
      8.709    14.2139    14.2173     96.999  76.081066     12.387     7.4960     73.097   10.25489   10.24254 1.5480e+01    11.4085     2.6923    51.0134   999.2929  0.000e+00
      8.762    13.8822    13.8855     95.612  74.358148     12.463     7.4199     71.830   10.32985   10.31767 1.4570e+01    14.5014     2.7416    50.3886   999.3390  0.000e+00
      8.812    13.1020    13.1051     97.063  73.972167     12.534     7.3786     70.206   10.50994   10.49812 1.3626e+01    17.6749     2.8135    49.4913   999.4433  0.000e+00
      8.876    12.3932    12.3962     99.142  74.150570     12.625     7.3662     68.982   10.67843   10.66687 1.2306e+01    19.7609     2.9292    48.0803   999.5320  0.000e+00
      8.931    11.9753    11.9781    100.263  74.150671     12.702     7.2696     67.436   10.78007   10.76864 1.1710e+01    21.5755     2.9915    47.3370   999.5813  0.000e+00
      8.986    11.7399    11.7427    100.825  74.091317     12.781     6.9647     64.261   10.83807   10.82671 1.0515e+01    23.4495     3.2673    44.1833   999.6082  0.000e+00
      9.035    11.5910    11.5937    101.154  74.031942     12.851     6.2772     57.721   10.87505   10.86373 9.8106e+00    25.2323     3.4213    42.5146   999.6249  0.000e+00
      9.083    11.4888    11.4916    101.193  73.853736     12.918     5.3164     48.772   10.90055   10.88925 9.3537e+00    26.7926     3.6542    40.1101   999.6362  0.000e+00
      9.124    11.4141    11.4168    101.115  73.645819     12.977     4.2196     38.644   10.91928   10.90800 8.9357e+00    28.3804     3.8972    37.7455   999.6444  0.000e+00
      9.166    11.3522    11.3549    101.206  73.586425     13.037     3.0805     28.171   10.93484   10.92358 8.2554e+00    30.2416     4.0403    36.4189   999.6512  0.000e+00
      9.209    11.2987    11.3014    101.191  73.467619     13.098     1.9714     18.007   10.94831   10.93705 7.8110e+00    32.5926     4.0990    35.8888   999.6571  0.000e+00
      9.252    11.2542    11.2569    101.111  73.319108     13.160     0.9595      8.755   10.95955   10.94831 7.3373e+00    33.6865     4.1819    35.1529   999.6619  0.000e+00
      9.298    11.2110    11.2137    101.067  73.200302     13.224     0.1557      1.420   10.97046   10.95923 6.8099e+00    34.7591     4.2938    34.1831   999.6666  0.000e+00
      9.340    11.1667    11.1693    101.109  73.140904     13.285    -0.3681     -3.352   10.98169   10.97047 6.1688e+00    35.6156     4.3859    33.4043   999.6714  0.000e+00
      9.387    11.1274    11.1300    101.137  73.081506     13.351    -0.6310     -5.741   10.99166   10.98044 5.6631e+00    36.3321     4.4830    32.6033   999.6757  0.000e+00
      9.430    11.0923    11.0950    100.947  72.873587     13.413    -0.7435     -6.759   11.00057   10.98936 5.1898e+00    35.5816     4.4467    32.9009   999.6794  0.000e+00
      9.485    11.0586    11.0612    100.794  72.695374     13.490    -0.7599     -6.903   11.00916   10.99796 4.7322e+00    34.7761     4.4355    32.9927   999.6831  0.000e+00
      9.539    11.0206    11.0232    100.653  72.517164     13.567    -0.7162     -6.500   11.01885   11.00765 4.2373e+00    34.0108     4.4091    33.2118   999.6872  0.000e+00
      9.592    10.9818    10.9844    100.556  72.368658     13.643    -0.6428     -5.829   11.02876   11.01757 3.8309e+00    32.4866     4.3637    33.5909   999.6913  0.000e+00
      9.651    10.9460    10.9486    100.573  72.309261     13.727    -0.5343     -4.840   11.03790   11.02672 3.5138e+00    31.1511     4.3158    33.9951   999.6952  0.000e+00
      9.704    10.9087    10.9113    100.429  72.131053     13.802    -0.4303     -3.895   11.04746   11.03628 3.2484e+00    29.3280     4.2319    34.7161   999.6991  0.000e+00
      9.753    10.8696    10.8722    100.539  72.131063     13.872    -0.3257     -2.946   11.05748   11.04631 3.0024e+00    27.2462     4.0205    36.5995   999.7033  0.000e+00
      9.806    10.8338    10.8364    100.556  72.071666     13.948    -0.2309     -2.086   11.06667   11.05550 2.8166e+00    25.0458     3.9885    36.8941   999.7071  0.000e+00
