data/ctd_cnv_files/2024.02.24 Okaro 1 143.cnv
* Sea-Bird SBE19plus Data File:
* FileName = C:\Users\instrument\Desktop\Iola Rosa. CTD Casts\February 2024\Feb143.hex
* Software Version 1.59
* Temperature SN =  4268
* Conductivity SN =  4268
* System UpLoad Time = Feb 26 2024 13:59:39
* ds
* SeacatPlus V 1.6  SERIAL NO. 4268    26 Feb 2024  13:53:56
# nquan = 16
# nvalues = 760                                   
# units = specified
# name 0 = depFM: Depth [fresh water, m]
# name 1 = tv290C: Temperature [ITS-90, deg C]
# name 2 = tv268C: Temperature [IPTS-68, deg C]
# name 3 = specc: Specific Conductance [uS/cm]
# name 4 = c0uS/cm: Conductivity [uS/cm]
# name 5 = prdE: Pressure, Strain Gauge [psi]
# name 6 = sbeox0Mg/L: Oxygen, SBE 43 [mg/l]
# name 7 = sbeox0PS: Oxygen, SBE 43 [% saturation]
# name 8 = oxsolMg/L: Oxygen Saturation, Garcia & Gordon [mg/l]
# name 9 = oxsatMg/L: Oxygen Saturation, Weiss [mg/l]
# name 10 = par: PAR/Irradiance, Biospherical/Licor
# name 11 = flCM: Fluorescence, Chelsea Mini Chl Con [ug/l]
# name 12 = bat: Beam Attenuation, Chelsea/Seatech [1/m]
# name 13 = xmiss: Beam Transmission, Chelsea/Seatech [%]
# name 14 = density00: Density [density, kg/m^3]
# name 15 = flag:  0.000e+00
# span 0 =     -0.634,     15.134                 
# span 1 =     9.8450,    22.7236                 
# span 2 =     9.8473,    22.7290                 
# span 3 =     -2.299,    295.656                 
# span 4 =  -2.029214, 277.048872                 
# span 5 =     -0.902,     21.525                 
# span 6 =    -0.6501,     9.4426                 
# span 7 =     -6.296,    109.402                 
# span 8 =    8.62070,   11.32593                 
# span 9 =    8.60250,   11.31485                 
# span 10 = 8.8294e-02, 6.2143e+02                
# span 11 =    -0.3612,    38.7382                
# span 12 =     1.4383,    11.1441                
# span 13 =     6.1666,    69.7981                
# span 14 =   997.6445,   999.8249                
# span 15 = 0.0000e+00, 0.0000e+00                
# interval = seconds: 0.25
# start_time = Feb 22 2024 09:31:04 [Instrument's time stamp, header]
# bad_flag = -9.990e-29
*END*
[from data line 724]
     14.407     9.8534     9.8558    104.160  72.611748     20.492     0.0977      0.863   11.32368   11.31260 9.0444e-02     2.6024     2.9606    47.7042   999.8209  0.000e+00
     14.450     9.8530     9.8553    103.899  72.428764     20.553     0.0993      0.877   11.32381   11.31274 8.8416e-02     2.5791     2.9710    47.5798   999.8210  0.000e+00
     14.495     9.8523     9.8546    103.901  72.428765     20.617     0.0952      0.841   11.32400   11.31293 8.8294e-02     2.5346     2.9519    47.8078   999.8213  0.000e+00
     14.540     9.8519     9.8543    104.034  72.520257     20.681     0.0918      0.811   11.32409   11.31301 9.0382e-02     2.5430     2.9522    47.8049   999.8216  0.000e+00
     14.573     9.8511     9.8535    104.167  72.611750     20.728     0.0953      0.842   11.32430   11.31323 9.0755e-02     2.5579     2.9592    47.7205   999.8219  0.000e+00
     14.601     9.8506     9.8529    104.169  72.611750     20.767     0.0962      0.850   11.32444   11.31337 8.9619e-02     2.6003     2.9570    47.7471   999.8220  0.000e+00
     14.619     9.8501     9.8525    104.039  72.520258     20.794     0.0990      0.874   11.32457   11.31350 9.1319e-02     2.5812     2.9446    47.8952   999.8221  0.000e+00
     14.639     9.8496     9.8520    104.040  72.520258     20.822     0.0968      0.855   11.32470   11.31362 9.0175e-02     2.6300     2.9412    47.9367   999.8223  0.000e+00
     14.664     9.8492     9.8515    104.304  72.703244     20.858     0.0952      0.841   11.32481   11.31374 9.3435e-02     2.6130     2.9456    47.8834   999.8225  0.000e+00
     14.697     9.8487     9.8511    104.174  72.611752     20.904     0.0930      0.821   11.32494   11.31387 8.9189e-02     2.5706     2.9620    47.6879   999.8227  0.000e+00
     14.740     9.8482     9.8506    104.176  72.611752     20.965     0.0984      0.869   11.32507   11.31399 8.9804e-02     2.5091     2.9697    47.5961   999.8229  0.000e+00
     14.785     9.8474     9.8498    104.047  72.520260     21.030     0.0929      0.821   11.32529   11.31422 9.0278e-02     2.4879     2.9447    47.8937   999.8231  0.000e+00
     14.837     9.8473     9.8497    104.397  72.764241     21.103     0.0903      0.797   11.32531   11.31423 9.1068e-02     2.4689     2.9302    48.0684   999.8235  0.000e+00
     14.886     9.8468     9.8491    104.399  72.764242     21.173     0.0890      0.786   11.32545   11.31438 9.0382e-02     2.4265     2.9219    48.1676   999.8238  0.000e+00
     14.930     9.8460     9.8484    104.401  72.764242     21.236     0.0902      0.796   11.32565   11.31458 9.1486e-02     2.4964     2.9257    48.1217   999.8241  0.000e+00
     14.972     9.8456     9.8480    104.315  72.703247     21.295     0.0900      0.795   11.32576   11.31469 9.2138e-02     2.5028     2.9197    48.1943   999.8243  0.000e+00
     15.008     9.8454     9.8478    104.534  72.855737     21.347     0.0951      0.840   11.32580   11.31473 9.1005e-02     2.5388     2.9159    48.2402   999.8245  0.000e+00
     15.037     9.8451     9.8475    104.535  72.855737     21.387     0.0961      0.848   11.32588   11.31481 9.1717e-02     2.4901     2.9116    48.2920   999.8247  0.000e+00
     15.065     9.8451     9.8474    104.535  72.855737     21.428     0.0962      0.850   11.32590   11.31482 9.1991e-02     2.4710     2.8945    48.4993   999.8248  0.000e+00
     15.081     9.8450     9.8473    104.536  72.855737     21.450     0.0938      0.828   11.32593   11.31485 9.1172e-02     2.4328     2.9092    48.3216   999.8249  0.000e+00
     15.091     9.8450     9.8474    104.535  72.855737     21.464     0.0998      0.882   11.32591   11.31484 9.0755e-02     2.4455     2.9029    48.3971   999.8249  0.000e+00
     15.091     9.8457     9.8480    104.534  72.855737     21.464     0.0999      0.882   11.32574   11.31467 9.2329e-02     2.5240     2.9026    48.4016   999.8249  0.000e+00
     15.088     9.8458     9.8481    104.402  72.764244     21.461     0.0962      0.849   11.32572   11.31464 9.1235e-02     2.6257     2.9000    48.4327   999.8248  0.000e+00
     15.085     9.8454     9.8478    104.534  72.855737     21.456     0.0975      0.861   11.32580   11.31473 9.2647e-02     2.5833     2.9066    48.3527   999.8249  0.000e+00
     15.090     9.8472     9.8496    104.310  72.703248     21.462     0.0906      0.800   11.32533   11.31425 9.1738e-02     2.5876     2.9173    48.2239   999.8247  0.000e+00
     15.092     9.8514     9.8537    104.385  72.764242     21.466     0.0898      0.793   11.32422   11.31314 8.9742e-02     2.5494     2.9335    48.0285   999.8243  0.000e+00
     15.093     9.8578     9.8602    104.497  72.855734     21.467     0.0858      0.758   11.32250   11.31142 9.2160e-02     2.5452     2.9452    47.8878   999.8238  0.000e+00
     15.098     9.8647     9.8670    104.477  72.855733     21.475     0.0911      0.805   11.32066   11.30958 8.9660e-02     2.5430     2.9717    47.5724   999.8233  0.000e+00
     15.107     9.8714     9.8738    104.456  72.855731     21.487     0.0874      0.772   11.31885   11.30778 8.9127e-02     2.5261     2.9461    47.8774   999.8227  0.000e+00
     15.108     9.8795     9.8819    104.301  72.764236     21.489     0.0873      0.772   11.31669   11.30561 9.2096e-02     2.5515     2.9370    47.9870   999.8220  0.000e+00
     15.114     9.8901     9.8925    104.400  72.855727     21.497     0.0866      0.765   11.31386   11.30279 9.0299e-02     2.5706     2.9523    47.8034   999.8211  0.000e+00
     15.117     9.8926     9.8950    104.174  72.703237     21.501     0.0894      0.790   11.31320   11.30213 9.0985e-02     2.5558     2.9309    48.0596   999.8208  0.000e+00
     15.119     9.8953     9.8977    104.210  72.733734     21.505     0.0889      0.786   11.31247   11.30139 9.1822e-02     2.5346     2.9368    47.9885   999.8206  0.000e+00
     15.125     9.8984     9.9008    104.375  72.855725     21.512     0.0907      0.801   11.31164   11.30056 9.2816e-02     2.5664     2.9471    47.8656   999.8204  0.000e+00
     15.130     9.8982     9.9006    104.158  72.703236     21.520     0.0890      0.787   11.31171   11.30063 8.8862e-02     2.5176     2.9523    47.8034   999.8204  0.000e+00
     15.134     9.8987     9.9011    104.375  72.855725     21.525     0.0896      0.793   11.31156   11.30048 9.1633e-02     2.4985     2.9734    47.5517   999.8204  0.000e+00
