data/ctd_cnv_files/2024.02.09 Okaro 1 134.cnv
* Sea-Bird SBE19plus Data File:
* FileName = C:\Users\instrument\Desktop\Iola Rosa. CTD Casts\February 2024\Feb134.hex
* Software Version 1.59
* Temperature SN =  4268
* Conductivity SN =  4268
* System UpLoad Time = Feb 26 2024 13:52:23
* ds
* SeacatPlus V 1.6  SERIAL NO. 4268    26 Feb 2024  13:53:56
# nquan = 16
# nvalues = 580                                   
# units = specified
# name 0 = depFM: Depth [fresh water, m]
# name 1 = tv290C: Temperature [ITS-90, deg C]
# name 2 = tv268C: Temperature [IPTS-68, deg C]
# name 3 = specc: Specific Conductance [uS/cm]
# name 4 = c0uS/cm: Conductivity [uS/cm]
# name 5 = prdE: Pressure, Strain Gauge [psi]
# name 6 = sbeox0Mg/L: Oxygen, SBE 43 [mg/l]
# name 7 = sbeox0PS: Oxygen, SBE 43 [% saturation]
# name 8 = oxsolMg/L: Oxygen Saturation, Garcia & Gordon [mg/l]
# name 9 = oxsatMg/L: Oxygen Saturation, Weiss [mg/l]
# name 10 = par: PAR/Irradiance, Biospherical/Licor
# name 11 = flCM: Fluorescence, Chelsea Mini Chl Con [ug/l]
# name 12 = bat: Beam Attenuation, Chelsea/Seatech [1/m]
# name 13 = xmiss: Beam Transmission, Chelsea/Seatech [%]
# name 14 = density00: Density [density, kg/m^3]
# name 15 = flag:  0.000e+00
# span 0 =     -0.703,     16.017                 
# span 1 =     9.7894,    23.9626                 
# span 2 =     9.7918,    23.9684                 
# span 3 =      1.563,    265.511                 
# span 4 =   1.525912, 184.849615                 
# span 5 =     -1.000,     22.781                 
# span 6 =    -0.7182,     8.4958                 
# span 7 =     -6.946,    100.701                 
# span 8 =    8.42147,   11.34080                 
# span 9 =    8.40250,   11.32973                 
# span 10 = 1.0992e-01, 1.0837e+02                
# span 11 =    -0.3612,    30.2543                
# span 12 =     1.1655,     4.5664                
# span 13 =    31.9311,    74.7242                
# span 14 =   997.3447,   999.8917                
# span 15 = 0.0000e+00, 0.0000e+00                
# interval = seconds: 0.25
# start_time = Feb 09 2024 09:02:10 [Instrument's time stamp, header]
# bad_flag = -9.990e-29
*END*
[from data line 452]
      9.165    10.4216    10.4241     96.678  68.494834     13.035     0.1813      1.622   11.17365   11.16253 7.3810e-01     9.0321     2.8033    49.6172   999.7425  0.000e+00
      9.214    10.3943    10.3968     96.667  68.433858     13.106     0.1827      1.634   11.18079   11.16967 7.1611e-01     9.6468     2.8681    48.8206   999.7453  0.000e+00
      9.264    10.3740    10.3765     96.722  68.433862     13.176     0.1815      1.623   11.18610   11.17499 6.8639e-01    10.4884     2.9441    47.9011   999.7474  0.000e+00
      9.321    10.3606    10.3631     96.845  68.494848     13.257     0.1872      1.673   11.18959   11.17848 6.4847e-01    11.1943     3.0406    46.7596   999.7490  0.000e+00
      9.385    10.3503    10.3528     96.787  68.433868     13.348     0.1878      1.678   11.19229   11.18118 5.9726e-01    12.2649     3.2303    44.5934   999.7502  0.000e+00
      9.445    10.3353    10.3377     97.044  68.586329     13.434     0.1912      1.708   11.19623   11.18513 5.6169e-01    13.3566     3.4113    42.6212   999.7520  0.000e+00
      9.512    10.3110    10.3135     96.981  68.494860     13.529     0.1958      1.748   11.20260   11.19150 5.0631e-01    14.3678     3.5129    41.5522   999.7545  0.000e+00
      9.585    10.2861    10.2886     97.309  68.677815     13.632     0.2047      1.826   11.20914   11.19804 4.7105e-01    15.5486     3.7075    39.5785   999.7573  0.000e+00
      9.656    10.2644    10.2669     97.455  68.738804     13.734     0.2055      1.832   11.21484   11.20374 4.3855e-01    16.7654     3.8997    37.7218   999.7597  0.000e+00
      9.722    10.2356    10.2380     97.795  68.921761     13.828     0.2079      1.852   11.22241   11.21132 4.0886e-01    17.7809     4.0303    36.5107   999.7627  0.000e+00
      9.780    10.2102    10.2127     98.211  69.165705     13.911     0.2091      1.862   11.22909   11.21799 3.7683e-01    18.5568     4.1266    35.6415   999.7655  0.000e+00
      9.838    10.1894    10.1918     98.746  69.501128     13.993     0.2081      1.852   11.23457   11.22347 3.5699e-01    19.4535     4.2433    34.6169   999.7678  0.000e+00
      9.894    10.1724    10.1748     98.664  69.409654     14.073     0.2130      1.895   11.23906   11.22797 3.3213e-01    20.9141     4.3914    33.3584   999.7696  0.000e+00
      9.939    10.1613    10.1637     98.825  69.501135     14.137     0.2049      1.823   11.24199   11.23090 3.1271e-01    22.5379     4.4606    32.7869   999.7709  0.000e+00
      9.990    10.1524    10.1548     99.414  69.897548     14.209     0.1995      1.774   11.24431   11.23322 2.9422e-01    23.7208     4.4671    32.7336   999.7721  0.000e+00
     10.042    10.1410    10.1434     99.793  70.141500     14.283     0.2025      1.800   11.24731   11.23623 2.7886e-01    25.2154     4.4870    32.5707   999.7735  0.000e+00
     10.083    10.1263    10.1287     99.835  70.141504     14.342     0.1988      1.767   11.25120   11.24011 2.6931e-01    26.3241     4.4741    32.6758   999.7750  0.000e+00
     10.127    10.1127    10.1151    100.004  70.232989     14.405     0.1929      1.714   11.25480   11.24371 2.5737e-01    27.0194     4.4868    32.5722   999.7765  0.000e+00
     10.172    10.1007    10.1031    100.168  70.324474     14.469     0.1898      1.686   11.25796   11.24688 2.3830e-01    27.8143     4.4914    32.5352   999.7779  0.000e+00
     10.226    10.0891    10.0915    100.071  70.232995     14.545     0.1862      1.654   11.26104   11.24996 2.2825e-01    28.0518     4.4776    32.6477   999.7791  0.000e+00
     10.282    10.0757    10.0781    100.109  70.232998     14.625     0.1837      1.631   11.26459   11.25350 2.1090e-01    27.5303     4.4436    32.9261   999.7806  0.000e+00
     10.335    10.0615    10.0640    100.367  70.385472     14.700     0.1750      1.553   11.26834   11.25726 2.0182e-01    27.1360     4.4334    33.0104   999.7822  0.000e+00
     10.391    10.0478    10.0502    100.537  70.476959     14.780     0.1745      1.548   11.27198   11.26089 1.8915e-01    26.7756     4.4012    33.2770   999.7837  0.000e+00
     10.457    10.0345    10.0369    100.706  70.568445     14.873     0.1739      1.543   11.27550   11.26442 1.8143e-01    26.1841     4.2596    34.4763   999.7853  0.000e+00
     10.521    10.0208    10.0232    100.615  70.476966     14.964     0.1772      1.571   11.27915   11.26806 1.7598e-01    25.0818     4.1396    35.5260   999.7868  0.000e+00
     10.566    10.0068    10.0092    100.655  70.476969     15.028     0.1737      1.540   11.28287   11.27178 1.7035e-01    24.4713     4.0557    36.2797   999.7882  0.000e+00
     10.619     9.9942     9.9966    100.822  70.568456     15.103     0.1702      1.508   11.28622   11.27514 1.6421e-01    23.8099     3.9327    37.4124   999.7897  0.000e+00
     10.672     9.9833     9.9857    101.071  70.720931     15.180     0.1703      1.508   11.28912   11.27804 1.6156e-01    22.8029     3.8303    38.3822   999.7910  0.000e+00
     10.720     9.9733     9.9757    100.882  70.568461     15.247     0.1676      1.484   11.29179   11.28071 1.5468e-01    20.9628     3.7600    39.0633   999.7920  0.000e+00
     10.768     9.9643     9.9666    100.777  70.476980     15.316     0.1670      1.479   11.29420   11.28312 1.5345e-01    19.2330     3.6691    39.9605   999.7930  0.000e+00
     10.817     9.9562     9.9586    100.801  70.476982     15.386     0.1646      1.457   11.29633   11.28525 1.4959e-01    17.9165     3.6703    39.9487   999.7939  0.000e+00
     10.862     9.9507     9.9531    100.947  70.568467     15.450     0.1604      1.420   11.29780   11.28672 1.4830e-01    16.7612     3.7045    39.6081   999.7947  0.000e+00
     10.913     9.9470     9.9493    100.958  70.568468     15.522     0.1589      1.406   11.29880   11.28772 1.4431e-01    15.9217     3.7135    39.5193   999.7952  0.000e+00
     10.956     9.9412     9.9436    100.975  70.568470     15.583     0.1581      1.399   11.30034   11.28926 1.4052e-01    15.0271     3.7173    39.4823   999.7959  0.000e+00
     11.004     9.9353     9.9377    101.079  70.629461     15.652     0.1524      1.348   11.30191   11.29083 1.3924e-01    13.8845     3.7308    39.3490   999.7967  0.000e+00
     11.058     9.9303     9.9327    101.094  70.629462     15.728     0.1535      1.358   11.30323   11.29216 1.3718e-01    12.9009     3.7180    39.4749   999.7974  0.000e+00
     11.109     9.9255     9.9279    101.020  70.568475     15.800     0.1506      1.332   11.30451   11.29344 1.3624e-01    11.9999     3.6984    39.6688   999.7980  0.000e+00
     11.177     9.9202     9.9226    101.036  70.568476     15.897     0.1593      1.409   11.30593   11.29485 1.3239e-01    11.1838     3.6624    40.0271   999.7988  0.000e+00
     11.243     9.9149     9.9173    101.051  70.568478     15.991     0.1511      1.336   11.30735   11.29627 1.3044e-01    10.6707     3.6641    40.0109   999.7996  0.000e+00
     11.303     9.9088     9.9112    101.156  70.629469     16.077     0.1491      1.318   11.30897   11.29789 1.2910e-01    10.2425     3.6269    40.3840   999.8005  0.000e+00
     11.352     9.9030     9.9054    101.173  70.629470     16.147     0.1462      1.293   11.31053   11.29945 1.2528e-01     9.9606     3.5825    40.8356   999.8012  0.000e+00
     11.392     9.8980     9.9004    101.187  70.629472     16.203     0.1391      1.229   11.31185   11.30077 1.2491e-01     9.6320     3.5252    41.4249   999.8018  0.000e+00
     11.444     9.8942     9.8966    100.980  70.477001     16.277     0.1412      1.249   11.31287   11.30179 1.2408e-01     9.2504     3.5059    41.6247   999.8023  0.000e+00
     11.503     9.8903     9.8926    101.210  70.629474     16.361     0.1351      1.194   11.31392   11.30285 1.2525e-01     9.0257     3.4365    42.3532   999.8030  0.000e+00
     11.569     9.8859     9.8883    101.353  70.720960     16.455     0.1298      1.147   11.31507   11.30399 1.2214e-01     8.5254     3.3768    42.9899   999.8038  0.000e+00
     11.621     9.8814     9.8838    101.235  70.629477     16.528     0.1332      1.177   11.31629   11.30521 1.2166e-01     7.9361     3.3432    43.3526   999.8043  0.000e+00
     11.678     9.8770     9.8793    101.467  70.781952     16.610     0.1409      1.245   11.31747   11.30639 1.1915e-01     7.4125     3.3406    43.3808   999.8051  0.000e+00
     11.735     9.8737     9.8761    101.389  70.720964     16.691     0.1406      1.242   11.31834   11.30727 1.1934e-01     7.2005     3.3077    43.7391   999.8056  0.000e+00
     11.793     9.8714     9.8737    101.527  70.812449     16.774     0.1384      1.223   11.31896   11.30789 1.1855e-01     6.9206     3.2801    44.0426   999.8061  0.000e+00
     11.835     9.8689     9.8713    101.534  70.812450     16.833     0.1465      1.294   11.31962   11.30854 1.2069e-01     6.5921     3.2275    44.6245   999.8065  0.000e+00
     11.870     9.8666     9.8690    101.541  70.812451     16.883     0.1366      1.207   11.32024   11.30917 1.1839e-01     6.3292     3.1582    45.4048   999.8069  0.000e+00
     11.918     9.8653     9.8677    101.545  70.812451     16.952     0.1448      1.279   11.32058   11.30951 1.1814e-01     6.0642     3.1470    45.5321   999.8072  0.000e+00
     11.978     9.8653     9.8677    101.894  71.056412     17.036     0.1472      1.300   11.32057   11.30950 1.1674e-01     5.9031     3.1490    45.5099   999.8077  0.000e+00
     12.056     9.8637     9.8660    101.549  70.812452     17.147     0.1420      1.255   11.32102   11.30994 1.2050e-01     5.5512     3.1403    45.6091   999.8080  0.000e+00
     12.130     9.8611     9.8634    101.644  70.873443     17.253     0.1482      1.309   11.32172   11.31064 1.1793e-01     5.3159     3.1046    46.0178   999.8086  0.000e+00
     12.197     9.8577     9.8600    101.917  71.056415     17.349     0.1581      1.396   11.32261   11.31154 1.1624e-01     5.1590     3.0586    46.5493   999.8093  0.000e+00
     12.248     9.8546     9.8569    101.795  70.964931     17.421     0.1539      1.359   11.32345   11.31237 1.1468e-01     4.9767     3.0391    46.7773   999.8098  0.000e+00
     12.305     9.8518     9.8542    101.453  70.720972     17.502     0.1521      1.343   11.32419   11.31311 1.1842e-01     4.7732     3.0177    47.0276   999.8102  0.000e+00
     12.344     9.8494     9.8518    101.591  70.812458     17.557     0.1469      1.297   11.32484   11.31376 1.1723e-01     4.6714     2.9800    47.4732   999.8106  0.000e+00
     12.371     9.8473     9.8497    101.335  70.629490     17.596     0.1489      1.315   11.32541   11.31433 1.1584e-01     4.5718     2.9622    47.6850   999.8108  0.000e+00
     12.413     9.8463     9.8486    101.469  70.720974     17.655     0.1420      1.254   11.32569   11.31461 1.1677e-01     4.4976     2.9632    47.6731   999.8112  0.000e+00
     12.464     9.8457     9.8480    101.339  70.629491     17.729     0.1449      1.279   11.32585   11.31477 1.1626e-01     4.3450     2.9262    48.1158   999.8114  0.000e+00
     12.527     9.8446     9.8470    101.692  70.873450     17.818     0.1481      1.308   11.32612   11.31504 1.1557e-01     4.2920     2.9144    48.2580   999.8119  0.000e+00
     12.593     9.8430     9.8454    102.178  71.208898     17.911     0.1465      1.294   11.32652   11.31545 1.1610e-01     4.2093     2.9034    48.3912   999.8126  0.000e+00
     12.666     9.8411     9.8434    102.447  71.391873     18.015     0.1503      1.327   11.32704   11.31597 1.1497e-01     4.1902     2.8950    48.4934   999.8132  0.000e+00
     12.730     9.8394     9.8417    102.189  71.208900     18.107     0.1543      1.363   11.32750   11.31643 1.1600e-01     4.0651     2.8816    48.6562   999.8135  0.000e+00
     12.794     9.8374     9.8398    102.326  71.300387     18.197     0.1489      1.314   11.32803   11.31695 1.1345e-01     3.9888     2.8273    49.3211   999.8140  0.000e+00
     12.852     9.8355     9.8379    102.069  71.117415     18.280     0.1500      1.324   11.32854   11.31746 1.1539e-01     3.8998     2.8064    49.5787   999.8144  0.000e+00
     12.903     9.8339     9.8363    101.986  71.056425     18.352     0.1509      1.332   11.32898   11.31790 1.1366e-01     3.8447     2.7683    50.0540   999.8147  0.000e+00
     12.951     9.8323     9.8346    102.079  71.117417     18.421     0.1481      1.307   11.32941   11.31834 1.1680e-01     3.8659     2.7632    50.1176   999.8151  0.000e+00
     13.022     9.8313     9.8336    101.994  71.056427     18.521     0.1472      1.300   11.32968   11.31860 1.1544e-01     3.8256     2.7514    50.2657   999.8155  0.000e+00
     13.086     9.8304     9.8328    102.215  71.208904     18.613     0.1471      1.298   11.32991   11.31883 1.1470e-01     3.7366     2.7104    50.7839   999.8160  0.000e+00
     13.130     9.8292     9.8316    102.087  71.117419     18.676     0.1532      1.352   11.33022   11.31915 1.1345e-01     3.6539     2.7099    50.7898   999.8162  0.000e+00
     13.185     9.8285     9.8309    102.221  71.208905     18.754     0.1534      1.354   11.33040   11.31933 1.1624e-01     3.6051     2.6813    51.1541   999.8166  0.000e+00
     13.234     9.8283     9.8307    102.222  71.208906     18.823     0.1519      1.341   11.33047   11.31939 1.1610e-01     3.6348     2.6865    51.0874   999.8168  0.000e+00
     13.282     9.8281     9.8305    102.003  71.056429     18.891     0.1585      1.399   11.33052   11.31945 1.1526e-01     3.5097     2.6721    51.2725   999.8170  0.000e+00
     13.335     9.8281     9.8305    102.091  71.117420     18.966     0.1510      1.333   11.33052   11.31944 1.1557e-01     3.4313     2.6619    51.4028   999.8173  0.000e+00
     13.395     9.8278     9.8301    102.004  71.056430     19.052     0.1482      1.308   11.33061   11.31954 1.1512e-01     3.3592     2.6427    51.6501   999.8176  0.000e+00
     13.441     9.8264     9.8287    102.490  71.391881     19.118     0.1542      1.361   11.33097   11.31990 1.1613e-01     3.3359     2.6355    51.7434   999.8181  0.000e+00
     13.488     9.8245     9.8269    102.233  71.208908     19.185     0.1517      1.339   11.33148   11.32041 1.1342e-01     3.2681     2.6336    51.7685   999.8184  0.000e+00
     13.547     9.8234     9.8257    102.236  71.208909     19.268     0.1509      1.332   11.33179   11.32072 1.1478e-01     3.1748     2.6252    51.8766   999.8187  0.000e+00
     13.602     9.8225     9.8249    102.107  71.117423     19.346     0.1456      1.285   11.33202   11.32094 1.1502e-01     3.2235     2.6135    52.0291   999.8190  0.000e+00
     13.657     9.8209     9.8232    102.112  71.117424     19.424     0.1460      1.288   11.33247   11.32139 1.1226e-01     3.1599     2.6220    51.9181   999.8194  0.000e+00
     13.699     9.8193     9.8217    102.117  71.117425     19.485     0.1414      1.248   11.33287   11.32180 1.1544e-01     3.0857     2.6154    52.0040   999.8198  0.000e+00
     13.746     9.8188     9.8212    102.381  71.300398     19.551     0.1407      1.242   11.33300   11.32193 1.1486e-01     3.1133     2.6225    51.9122   999.8201  0.000e+00
     13.806     9.8179     9.8202    102.252  71.208912     19.637     0.1372      1.210   11.33326   11.32218 1.1507e-01     3.0370     2.6168    51.9862   999.8204  0.000e+00
     13.865     9.8165     9.8189    102.256  71.208913     19.721     0.1425      1.257   11.33362   11.32254 1.1392e-01     3.1303     2.6316    51.7937   999.8208  0.000e+00
     13.920     9.8153     9.8176    102.260  71.208913     19.799     0.1417      1.250   11.33396   11.32289 1.1507e-01     3.1197     2.6020    52.1787   999.8212  0.000e+00
     13.979     9.8137     9.8161    102.133  71.117428     19.882     0.1461      1.289   11.33439   11.32331 1.1534e-01     3.1324     2.5744    52.5399   999.8216  0.000e+00
     14.037     9.8125     9.8148    102.137  71.117428     19.965     0.1473      1.300   11.33471   11.32364 1.1497e-01     3.0857     2.5833    52.4230   999.8219  0.000e+00
