data/ctd_cnv_files/2024.01.25 Okaro 1 122.cnv
* Sea-Bird SBE19plus Data File:
* FileName = C:\Users\instrument\Desktop\Iola Rosa. CTD Cast. July.23\Jsanuary 2024\Iola Rosa Jan122.24.hex
* Software Version 1.59
* Temperature SN =  4268
* Conductivity SN =  4268
* System UpLoad Time = Feb 01 2024 08:52:26
* ds
* SeacatPlus V 1.6  SERIAL NO. 4268    01 Feb 2024  08:53:08
# nquan = 16
# nvalues = 1022                                  
# units = specified
# name 0 = depFM: Depth [fresh water, m]
# name 1 = tv290C: Temperature [ITS-90, deg C]
# name 2 = tv268C: Temperature [IPTS-68, deg C]
# name 3 = specc: Specific Conductance [uS/cm]
# name 4 = c0uS/cm: Conductivity [uS/cm]
# name 5 = prdE: Pressure, Strain Gauge [psi]
# name 6 = sbeox0Mg/L: Oxygen, SBE 43 [mg/l]
# name 7 = sbeox0PS: Oxygen, SBE 43 [% saturation]
# name 8 = oxsolMg/L: Oxygen Saturation, Garcia & Gordon [mg/l]
# name 9 = oxsatMg/L: Oxygen Saturation, Weiss [mg/l]
# name 10 = par: PAR/Irradiance, Biospherical/Licor
# name 11 = flCM: Fluorescence, Chelsea Mini Chl Con [ug/l]
# name 12 = bat: Beam Attenuation, Chelsea/Seatech [1/m]
# name 13 = xmiss: Beam Transmission, Chelsea/Seatech [%]
# name 14 = density00: Density [density, kg/m^3]
# name 15 = flag:  0.000e+00
# span 0 =     -0.767,     15.942                 
# span 1 =     9.7537,    23.6095                 
# span 2 =     9.7560,    23.6151                 
# span 3 =     -2.321,    241.885                 
# span 4 =  -2.120353, 168.265322                 
# span 5 =     -1.091,     22.675                 
# span 6 =    -1.2884,     8.7112                 
# span 7 =    -12.202,    102.369                 
# span 8 =    8.47743,   11.35012                 
# span 9 =    8.45867,   11.33905                 
# span 10 = 1.1259e-01, 8.6812e+01                
# span 11 =    -0.3612,    41.0065                
# span 12 =     1.2987,     9.9321                
# span 13 =     8.3491,    72.2767                
# span 14 =   997.4084,   999.8853                
# span 15 = 0.0000e+00, 0.0000e+00                
# interval = seconds: 0.25
# start_time = Jan 25 2024 09:29:34 [Instrument's time stamp, header]
# bad_flag = -9.990e-29
*END*
[from data line 633]
     -0.500    23.5802    23.5859     96.199  93.478632     -0.711     6.1320     72.293    8.48209    8.46335 2.1973e+01     8.3897     2.0717    59.5759   997.4363  0.000e+00
     -0.503    23.5798    23.5854     96.200  93.478632     -0.715     6.0681     71.540    8.48216    8.46342 4.0411e+01     8.3388     2.0606    59.7417   997.4364  0.000e+00
     -0.535    23.5792    23.5849     96.201  93.478632     -0.761     6.0297     71.086    8.48225    8.46350 3.9914e+01     8.2583     2.0780    59.4811   997.4364  0.000e+00
     -0.562    23.5789    23.5845     96.265  93.539687     -0.800     6.0033     70.775    8.48231    8.46356 3.9055e+01     8.2541     2.0893    59.3138   997.4364  0.000e+00
     -0.572    23.5790    23.5846     96.265  93.539687     -0.814     5.9699     70.381    8.48229    8.46355 3.9759e+01     8.2964     2.0823    59.4175   997.4363  0.000e+00
     -0.572    23.5786    23.5843     96.203  93.478631     -0.814     5.9364     69.986    8.48235    8.46360 1.6527e+01     8.2859     2.0810    59.4367   997.4364  0.000e+00
     -0.558    23.5776    23.5833     96.267  93.539688     -0.794     5.9064     69.630    8.48250    8.46376 3.6128e+01     8.2498     2.0712    59.5833   997.4367  0.000e+00
     -0.551    23.5766    23.5823     96.269  93.539688     -0.784     5.8649     69.140    8.48266    8.46392 3.6855e+01     8.3431     2.0782    59.4782   997.4370  0.000e+00
     -0.569    23.5755    23.5811     96.272  93.539688     -0.809     5.8131     68.528    8.48284    8.46410 4.3997e+01     8.3834     2.0922    59.2709   997.4372  0.000e+00
     -0.586    23.5750    23.5807     96.461  93.722857     -0.834     5.7775     68.108    8.48291    8.46417 5.1498e+01     8.5318     2.1076    59.0429   997.4373  0.000e+00
     -0.571    23.5736    23.5793     96.212  93.478633     -0.812     5.7315     67.563    8.48314    8.46440 5.7815e+01     8.4872     2.1173    58.9007   997.4376  0.000e+00
     -0.550    23.5720    23.5777     96.121  93.387050     -0.783     5.7045     67.243    8.48340    8.46466 6.1717e+01     8.4894     2.0858    59.3656   997.4380  0.000e+00
     -0.530    23.5764    23.5820     96.207  93.478633     -0.754     5.7097     67.310    8.48270    8.46396 6.5867e+01     8.4470     2.0743    59.5374   997.4371  0.000e+00
     -0.532    23.5849    23.5906     96.002  93.295464     -0.756     5.9403     70.040    8.48135    8.46260 6.6290e+01     8.5296     2.0786    59.4722   997.4350  0.000e+00
     -0.546    23.5906    23.5963     96.116  93.417572     -0.776     6.4172     75.670    8.48044    8.46168 6.4271e+01     8.5042     2.0986    59.1761   997.4336  0.000e+00
     -0.585    23.5933    23.5989     96.079  93.387044     -0.833     6.9719     82.216    8.48001    8.46126 5.6518e+01     8.4660     2.0812    59.4337   997.4327  0.000e+00
     -0.619    23.5943    23.6000     96.171  93.478626     -0.881     7.4834     88.249    8.47984    8.46108 4.3967e+01     8.3282     2.0788    59.4693   997.4323  0.000e+00
     -0.636    23.5953    23.6010     96.169  93.478626     -0.905     7.9192     93.390    8.47968    8.46093 1.4276e+01     8.3240     2.0688    59.6188   997.4320  0.000e+00
     -0.627    23.5955    23.6012     96.075  93.387043     -0.892     8.2586     97.393    8.47966    8.46090 1.6876e+01     8.2795     2.0596    59.7565   997.4320  0.000e+00
     -0.621    23.5960    23.6017     96.168  93.478626     -0.883     8.4861    100.078    8.47957    8.46081 1.1755e+01     8.1523     2.0601    59.7491   997.4319  0.000e+00
     -0.605    23.5957    23.6013     96.075  93.387043     -0.861     8.5823    101.211    8.47963    8.46087 1.5334e+01     8.1799     2.0541    59.8380   997.4320  0.000e+00
     -0.589    23.5954    23.6011     96.075  93.387043     -0.837     8.5461    100.784    8.47967    8.46092 4.2922e+01     8.1417     2.0739    59.5433   997.4322  0.000e+00
     -0.546    23.5950    23.6006     96.233  93.539683     -0.776     8.4356     99.480    8.47974    8.46098 4.2745e+01     8.0717     2.0816    59.4278   997.4325  0.000e+00
     -0.550    23.5949    23.6005     96.170  93.478627     -0.783     8.3149     98.056    8.47975    8.46100 1.1136e+01     8.1078     2.0690    59.6159   997.4325  0.000e+00
     -0.602    23.5953    23.6010     96.075  93.387043     -0.856     8.2073     96.787    8.47969    8.46093 1.0416e+01     8.2032     2.0682    59.6277   997.4321  0.000e+00
     -0.604    23.5954    23.6011     96.075  93.387043     -0.859     8.1094     95.633    8.47967    8.46092 1.0159e+01     8.2350     2.0694    59.6099   997.4321  0.000e+00
     -0.603    23.5950    23.6006     96.170  93.478626     -0.858     8.0072     94.428    8.47974    8.46099 1.1651e+01     8.2201     2.0772    59.4930   997.4323  0.000e+00
     -0.614    23.5947    23.6004     96.171  93.478626     -0.873     7.9005     93.169    8.47978    8.46103 1.0572e+01     8.2095     2.0888    59.3212   997.4323  0.000e+00
     -0.629    23.5943    23.6000     96.171  93.478626     -0.895     7.8161     92.173    8.47984    8.46108 1.2122e+01     8.2668     2.0874    59.3419   997.4323  0.000e+00
     -0.629    23.5942    23.5999     96.172  93.478626     -0.895     7.7475     91.364    8.47985    8.46110 1.1616e+01     8.3600     2.0914    59.2827   997.4323  0.000e+00
     -0.630    23.5942    23.5998     96.172  93.478626     -0.897     7.6889     90.672    8.47987    8.46111 1.4779e+01     8.3070     2.0874    59.3419   997.4323  0.000e+00
     -0.627    23.5937    23.5994     96.173  93.478626     -0.892     7.6205     89.865    8.47994    8.46118 1.0521e+01     8.3770     2.0941    59.2427   997.4325  0.000e+00
     -0.629    23.5931    23.5988     96.080  93.387043     -0.895     7.5511     89.045    8.48004    8.46129 1.6672e+01     8.4194     2.0611    59.7343   997.4326  0.000e+00
     -0.627    23.5930    23.5987     96.174  93.478627     -0.892     7.4966     88.402    8.48005    8.46130 1.4316e+01     8.4512     2.0651    59.6736   997.4326  0.000e+00
     -0.633    23.5925    23.5981     96.112  93.417571     -0.900     7.4269     87.580    8.48014    8.46139 4.0933e+01     8.2837     2.0881    59.3316   997.4327  0.000e+00
     -0.634    23.5920    23.5977     96.176  93.478627     -0.901     7.3775     86.996    8.48021    8.46145 1.6945e+01     8.2562     2.0705    59.5937   997.4328  0.000e+00
     -0.619    23.5913    23.5970     95.989  93.295461     -0.881     7.3390     86.541    8.48033    8.46157 1.0852e+01     8.3452     2.0543    59.8350   997.4330  0.000e+00
     -0.599    23.5910    23.5967     96.178  93.478627     -0.851     7.2944     86.015    8.48036    8.46161 1.3463e+01     8.3431     2.0503    59.8957   997.4332  0.000e+00
     -0.554    23.5910    23.5967     96.178  93.478628     -0.787     7.2428     85.407    8.48036    8.46161 1.8072e+01     8.3431     2.0547    59.8291   997.4334  0.000e+00
     -0.483    23.5915    23.5972     96.177  93.478628     -0.687     7.2077     84.993    8.48029    8.46154 5.7498e+01     8.3176     2.0687    59.6203   997.4336  0.000e+00
     -0.417    23.5921    23.5978     96.176  93.478629     -0.594     7.2241     85.188    8.48019    8.46144 6.3379e+01     8.2180     2.1084    59.0310   997.4338  0.000e+00
     -0.363    23.5929    23.5986     95.986  93.295463     -0.517     7.2838     85.893    8.48007    8.46132 6.1844e+01     8.1968     2.1188    58.8785   997.4338  0.000e+00
     -0.310    23.5933    23.5989     96.236  93.539685     -0.440     7.3677     86.883    8.48001    8.46125 5.9837e+01     8.2837     2.0992    59.1672   997.4340  0.000e+00
     -0.254    23.5939    23.5996     96.078  93.387046     -0.361     7.4904     88.331    8.47991    8.46116 4.7616e+01     8.2498     2.0809    59.4382   997.4340  0.000e+00
     -0.210    23.5963    23.6020     96.168  93.478629     -0.298     7.6453     90.162    8.47953    8.46077 4.2618e+01     8.1629     2.0691    59.6144   997.4337  0.000e+00
     -0.172    23.5991    23.6048     96.162  93.478629     -0.245     7.8075     92.080    8.47907    8.46032 4.6859e+01     7.9869     2.0671    59.6440   997.4332  0.000e+00
     -0.116    23.6007    23.6063     96.159  93.478629     -0.165     7.9550     93.822    8.47883    8.46007 4.7171e+01     7.8958     2.0578    59.7832   997.4330  0.000e+00
     -0.090    23.6017    23.6074     96.157  93.478629     -0.128     8.0770     95.263    8.47866    8.45990 5.0760e+01     7.7919     2.0600    59.7506   997.4329  0.000e+00
     -0.099    23.6030    23.6086     96.060  93.387045     -0.140     8.1447     96.064    8.47847    8.45971 5.0678e+01     7.8407     2.0874    59.3419   997.4325  0.000e+00
     -0.114    23.6032    23.6089     96.154  93.478628     -0.162     8.1754     96.426    8.47842    8.45966 4.7879e+01     7.8301     2.1047    59.0858   997.4324  0.000e+00
     -0.122    23.6022    23.6078     96.062  93.387045     -0.173     8.1727     96.392    8.47859    8.45983 4.9101e+01     7.8513     2.2042    57.6348   997.4326  0.000e+00
     -0.120    23.6008    23.6065     96.159  93.478629     -0.170     8.1407     96.012    8.47880    8.46005 4.7257e+01     7.9509     2.1533    58.3721   997.4330  0.000e+00
     -0.104    23.5999    23.6056     96.003  93.325990     -0.148     8.0986     95.514    8.47895    8.46019 5.0493e+01     7.8873     2.0889    59.3197   997.4332  0.000e+00
     -0.083    23.5996    23.6053     96.161  93.478629     -0.118     8.0535     94.982    8.47900    8.46025 4.7868e+01     7.8958     2.0810    59.4367   997.4334  0.000e+00
     -0.072    23.5997    23.6053     96.067  93.387046     -0.103     8.0195     94.581    8.47899    8.46023 5.1451e+01     8.0081     2.0573    59.7906   997.4334  0.000e+00
     -0.078    23.6006    23.6062     96.065  93.387046     -0.111     7.9852     94.177    8.47885    8.46009 4.8619e+01     8.1799     2.0588    59.7684   997.4332  0.000e+00
     -0.088    23.6011    23.6068     96.158  93.478629     -0.125     7.9772     94.085    8.47876    8.46000 5.2800e+01     8.0527     2.0577    59.7847   997.4331  0.000e+00
     -0.095    23.6007    23.6063     96.159  93.478629     -0.136     7.9855     94.181    8.47883    8.46007 4.7117e+01     8.0548     2.0508    59.8883   997.4331  0.000e+00
     -0.090    23.5996    23.6053     96.161  93.478629     -0.128     7.9857     94.182    8.47900    8.46025 5.0551e+01     7.9530     2.0734    59.5507   997.4334  0.000e+00
     -0.089    23.5987    23.6044     96.069  93.387046     -0.126     7.9909     94.241    8.47915    8.46039 5.1521e+01     7.9191     2.0772    59.4930   997.4336  0.000e+00
     -0.077    23.5982    23.6038     96.164  93.478630     -0.109     7.9946     94.284    8.47923    8.46047 4.8397e+01     7.9276     2.0810    59.4367   997.4338  0.000e+00
     -0.056    23.5972    23.6028     96.166  93.478630     -0.079     8.0012     94.361    8.47939    8.46063 4.8220e+01     7.9636     2.0759    59.5137   997.4342  0.000e+00
     -0.033    23.5963    23.6020     96.230  93.539687     -0.047     8.0143     94.514    8.47953    8.46077 4.8519e+01     7.8237     2.0766    59.5033   997.4345  0.000e+00
     -0.016    23.5964    23.6020     96.073  93.387048     -0.023     8.0326     94.729    8.47952    8.46076 4.6955e+01     7.7940     2.0748    59.5300   997.4345  0.000e+00
     -0.023    23.5961    23.6018     96.168  93.478631     -0.033     8.0403     94.820    8.47956    8.46080 4.9598e+01     7.8195     2.1132    58.9599   997.4346  0.000e+00
     -0.038    23.5956    23.6012     96.169  93.478631     -0.054     8.0407     94.823    8.47964    8.46089 4.8876e+01     7.8068     2.1175    58.8978   997.4346  0.000e+00
     -0.039    23.5962    23.6019     96.074  93.387047     -0.056     8.0412     94.830    8.47954    8.46079 4.9530e+01     7.7898     2.0984    59.1791   997.4344  0.000e+00
     -0.018    23.5969    23.6026     96.072  93.387047     -0.026     8.0364     94.775    8.47943    8.46067 4.7496e+01     7.7644     2.0853    59.3730   997.4343  0.000e+00
      0.007    23.5970    23.6027     96.072  93.387048      0.010     8.0300     94.700    8.47942    8.46066 4.5776e+01     7.8704     2.0932    59.2561   997.4344  0.000e+00
      0.019    23.5979    23.6036     96.164  93.478631      0.027     8.0210     94.595    8.47927    8.46052 4.6719e+01     7.9636     2.1111    58.9910   997.4343  0.000e+00
      0.022    23.5984    23.6041     96.163  93.478631      0.032     8.0100     94.467    8.47919    8.46043 4.6516e+01     8.1375     2.1492    58.4328   997.4342  0.000e+00
      0.017    23.5983    23.6039     96.101  93.417575      0.024     8.0032     94.386    8.47922    8.46046 4.7149e+01     8.1290     2.2592    56.8471   997.4342  0.000e+00
      0.008    23.5977    23.6034     96.228  93.539687      0.011     8.0013     94.363    8.47930    8.46054 4.7398e+01     8.0781     2.2748    56.6265   997.4343  0.000e+00
      0.029    23.5972    23.6028     96.166  93.478631      0.041     8.0046     94.401    8.47939    8.46063 4.5037e+01     7.9530     2.1427    58.5276   997.4345  0.000e+00
      0.098    23.5966    23.6022     96.167  93.478632      0.139     8.0050     94.404    8.47948    8.46073 4.0625e+01     7.9212     2.0824    59.4160   997.4350  0.000e+00
      0.186    23.5959    23.6015     96.231  93.539689      0.264     8.0051     94.404    8.47960    8.46084 3.8354e+01     7.9509     2.0727    59.5611   997.4356  0.000e+00
      0.252    23.5959    23.6015     96.168  93.478633      0.358     8.0020     94.367    8.47960    8.46084 3.6864e+01     7.9975     2.0545    59.8320   997.4358  0.000e+00
      0.305    23.5990    23.6046     96.068  93.387050      0.433     8.0006     94.357    8.47910    8.46035 3.5180e+01     8.0527     2.0664    59.6544   997.4353  0.000e+00
      0.372    23.6042    23.6099     96.152  93.478632      0.528     7.9951     94.301    8.47827    8.45950 3.4093e+01     8.1057     2.0641    59.6884   997.4343  0.000e+00
      0.429    23.6078    23.6134     96.145  93.478631      0.610     8.0023     94.392    8.47770    8.45894 3.3123e+01     8.0781     2.0737    59.5463   997.4337  0.000e+00
      0.478    23.6095    23.6151     96.141  93.478631      0.680     8.0046     94.423    8.47743    8.45867 3.1850e+01     8.1523     2.0658    59.6632   997.4335  0.000e+00
      0.528    23.6093    23.6150     96.142  93.478632      0.750     8.0104     94.491    8.47746    8.45869 3.1279e+01     8.1502     2.0782    59.4782   997.4338  0.000e+00
      0.585    23.6087    23.6143     96.143  93.478633      0.832     8.0161     94.557    8.47756    8.45879 2.9680e+01     8.1120     2.0893    59.3138   997.4342  0.000e+00
      0.659    23.6078    23.6134     96.051  93.387050      0.938     8.0052     94.427    8.47770    8.45894 2.7886e+01     8.0590     2.0898    59.3064   997.4347  0.000e+00
      0.736    23.6065    23.6122     96.147  93.478634      1.047     7.9974     94.332    8.47790    8.45913 2.6588e+01     8.0484     2.0842    59.3893   997.4354  0.000e+00
      0.812    23.6057    23.6114     96.149  93.478635      1.155     7.9930     94.279    8.47802    8.45926 2.6088e+01     8.1671     2.0978    59.1880   997.4359  0.000e+00
      0.869    23.6062    23.6118     96.148  93.478636      1.236     7.9900     94.244    8.47795    8.45919 2.5473e+01     8.2371     2.0992    59.1672   997.4361  0.000e+00
      0.898    23.6071    23.6127     96.146  93.478636      1.277     7.9839     94.174    8.47781    8.45905 2.5345e+01     8.2774     2.1144    58.9437   997.4360  0.000e+00
      0.935    23.6079    23.6135     96.145  93.478636      1.330     7.9895     94.241    8.47768    8.45892 2.4204e+01     8.2710     2.1002    59.1524   997.4360  0.000e+00
      0.996    23.6087    23.6143     96.143  93.478636      1.416     7.9960     94.319    8.47756    8.45879 2.3787e+01     8.2307     2.1050    59.0814   997.4360  0.000e+00
