data/ctd_cnv_files/2024.03.08 Okaro 1.1 139 CTD transition .cnv
* Sea-Bird SBE19plus  Data File:
* FileName = C:\Users\dcastle\Documents\CTD\SBE19plus_01908200_2024_03_12_0139.hex
* Software version 2.8.0.119
* Temperature SN = 8200
* Conductivity SN = 8200
* System UpLoad Time = Mar 12 2024 09:34:09
* <ApplicationData>
* <Seaterm232>
# nquan = 11
# nvalues = 1291                                  
# units = specified
# name 0 = depFM: Depth [fresh water, m]
# name 1 = tv290C: Temperature [ITS-90, deg C]
# name 2 = tv268C: Temperature [IPTS-68, deg C]
# name 3 = specc: Specific Conductance [uS/cm]
# name 4 = c0uS/cm: Conductivity [uS/cm]
# name 5 = prdE: Pressure, Strain Gauge [psi]
# name 6 = oxsolMg/L: Oxygen Saturation, Garcia & Gordon [mg/l]
# name 7 = oxsatMg/L: Oxygen Saturation, Weiss [mg/l]
# name 8 = par/sat/log: PAR/Logarithmic, Satlantic
# name 9 = density00: Density [density, kg/m^3]
# name 10 = flag:  0.000e+00
# span 0 =     -0.553,     16.059                 
# span 1 =     9.8762,    19.5110                 
# span 2 =     9.8786,    19.5157                 
# span 3 =      3.529,    234.561                 
# span 4 =   3.101990, 163.644603                 
# span 5 =     -0.786,     22.841                 
# span 6 =    9.17878,   11.31743                 
# span 7 =    9.16289,   11.30636                 
# span 8 = 1.1258e-01, 2.6999e+03                 
# span 9 =   998.3312,   999.8741                 
# span 10 = 0.0000e+00, 0.0000e+00                
# interval = seconds: 0.25
# start_time = Mar 09 2024 08:49:04 [Instrument's time stamp, header]
# bad_flag = -9.990e-29
*END*
[from data line 263]
      0.232    18.8076    18.8121    102.358  89.690576      0.331    9.30964    9.29427 7.0048e+02   998.4844  0.000e+00
      0.234    18.8003    18.8048    102.307  89.631123      0.332    9.31100    9.29565 6.8248e+02   998.4858  0.000e+00
      0.237    18.8049    18.8094    102.297  89.631121      0.337    9.31015    9.29478 3.9795e+02   998.4849  0.000e+00
      0.239    18.8123    18.8168    102.347  89.690575      0.340    9.30875    9.29338 3.5672e+02   998.4835  0.000e+00
      0.237    18.8135    18.8181    102.412  89.750030      0.337    9.30851    9.29314 1.1914e+03   998.4833  0.000e+00
      0.231    18.8163    18.8208    102.474  89.809485      0.329    9.30798    9.29261 7.3743e+02   998.4828  0.000e+00
      0.226    18.8228    18.8273    102.391  89.750027      0.321    9.30677    9.29140 3.9267e+02   998.4815  0.000e+00
      0.223    18.8218    18.8263    102.325  89.690572      0.317    9.30696    9.29158 1.3740e+03   998.4816  0.000e+00
      0.225    18.8231    18.8276    102.254  89.631116      0.320    9.30671    9.29133 3.6230e+02   998.4813  0.000e+00
      0.225    18.8224    18.8269    102.188  89.571661      0.320    9.30685    9.29147 3.8840e+02   998.4815  0.000e+00
      0.229    18.8194    18.8239    102.263  89.631117      0.326    9.30742    9.29204 2.2563e+02   998.4821  0.000e+00
      0.230    18.8163    18.8208    102.338  89.690573      0.328    9.30799    9.29262 3.2576e+02   998.4827  0.000e+00
      0.238    18.8162    18.8207    102.406  89.750029      0.338    9.30800    9.29263 1.5049e+03   998.4828  0.000e+00
      0.245    18.8173    18.8218    102.471  89.809485      0.349    9.30780    9.29243 1.3305e+03   998.4826  0.000e+00
      0.243    18.8177    18.8223    102.470  89.809484      0.346    9.30771    9.29234 3.6951e+02   998.4825  0.000e+00
      0.240    18.8189    18.8234    102.162  89.541935      0.341    9.30750    9.29213 3.6199e+02   998.4822  0.000e+00
      0.236    18.8610    18.8656    100.268  87.966426      0.335    9.29961    9.28421 4.2989e+02   998.4733  0.000e+00
      0.232    19.0882    19.0928     99.617  87.847461      0.331    9.25706    9.24149 3.9638e+02   998.4287  0.000e+00
      0.235    19.2672    19.2718     99.281  87.906860      0.334    9.22377    9.20806 3.7259e+02   998.3932  0.000e+00
      0.236    19.3578    19.3624     99.145  87.966284      0.335    9.20701    9.19123 4.2271e+02   998.3752  0.000e+00
      0.239    19.3919    19.3966     99.002  87.906824      0.340    9.20070    9.18490 3.4695e+02   998.3683  0.000e+00
      0.241    19.4042    19.4088     98.908  87.847370      0.343    9.19844    9.18263 2.7227e+02   998.3659  0.000e+00
      0.239    19.4114    19.4161     98.958  87.906818      0.340    9.19710    9.18128 1.1050e+03   998.3644  0.000e+00
      0.235    19.4162    19.4209     98.814  87.787917      0.334    9.19623    9.18041 2.5840e+02   998.3634  0.000e+00
      0.232    19.4137    19.4184     98.819  87.787918      0.331    9.19668    9.18086 3.3840e+02   998.3639  0.000e+00
      0.236    19.4118    19.4165     98.891  87.847368      0.335    9.19703    9.18122 3.3707e+02   998.3643  0.000e+00
      0.237    19.4059    19.4105     98.837  87.787920      0.337    9.19813    9.18232 6.7876e+02   998.3655  0.000e+00
      0.237    19.3911    19.3958     98.803  87.728475      0.337    9.20085    9.18505 5.9203e+02   998.3684  0.000e+00
      0.238    19.3864    19.3910     98.813  87.728476      0.338    9.20173    9.18593 1.5087e+02   998.3694  0.000e+00
      0.240    19.3855    19.3901     98.882  87.787926      0.341    9.20190    9.18610 1.4225e+02   998.3696  0.000e+00
      0.245    19.3748    19.3794     98.839  87.728479      0.349    9.20387    9.18808 1.3742e+02   998.3717  0.000e+00
      0.247    19.3663    19.3710     98.925  87.787931      0.351    9.20543    9.18965 1.3664e+02   998.3734  0.000e+00
      0.240    19.3650    19.3697     98.827  87.698757      0.341    9.20567    9.18989 1.3685e+02   998.3736  0.000e+00
      0.241    19.3671    19.3718     98.823  87.698757      0.343    9.20528    9.18950 1.3436e+02   998.3732  0.000e+00
      0.247    19.3691    19.3737     98.818  87.698756      0.351    9.20493    9.18914 1.3920e+02   998.3729  0.000e+00
      0.245    19.3696    19.3742     98.918  87.787931      0.349    9.20482    9.18904 1.2232e+02   998.3728  0.000e+00
      0.247    19.3636    19.3682     98.764  87.639308      0.351    9.20594    9.19016 1.2566e+02   998.3739  0.000e+00
      0.243    19.3560    19.3607     98.847  87.698760      0.346    9.20733    9.19156 1.3397e+02   998.3755  0.000e+00
      0.241    19.3520    19.3567     98.789  87.639312      0.343    9.20807    9.19230 1.3076e+02   998.3762  0.000e+00
      0.241    19.3481    19.3528     98.865  87.698762      0.343    9.20880    9.19303 1.2920e+02   998.3770  0.000e+00
      0.242    19.3432    19.3478     98.809  87.639314      0.345    9.20971    9.19394 1.2824e+02   998.3780  0.000e+00
      0.243    19.3423    19.3469     98.878  87.698764      0.346    9.20987    9.19411 1.1729e+02   998.3782  0.000e+00
      0.244    19.3417    19.3464     98.812  87.639315      0.348    9.20998    9.19421 1.2715e+02   998.3783  0.000e+00
      0.245    19.3413    19.3459     98.813  87.639315      0.349    9.21006    9.19430 1.1991e+02   998.3784  0.000e+00
      0.242    19.3405    19.3451     98.748  87.579866      0.345    9.21021    9.19445 1.3527e+02   998.3785  0.000e+00
      0.241    19.3386    19.3432     98.819  87.639315      0.343    9.21057    9.19480 1.1655e+02   998.3789  0.000e+00
      0.245    19.3369    19.3416     98.823  87.639316      0.349    9.21087    9.19511 1.3010e+02   998.3793  0.000e+00
      0.245    19.3368    19.3415     98.823  87.639316      0.349    9.21088    9.19513 1.1093e+02   998.3793  0.000e+00
      0.247    19.3365    19.3412     98.757  87.579867      0.351    9.21094    9.19518 1.3778e+02   998.3793  0.000e+00
      0.243    19.3356    19.3403     98.893  87.698766      0.346    9.21110    9.19534 1.2054e+02   998.3795  0.000e+00
      0.244    19.3308    19.3355     98.837  87.639318      0.348    9.21200    9.19624 1.2648e+02   998.3805  0.000e+00
      0.244    19.3269    19.3315     98.778  87.579870      0.348    9.21272    9.19697 1.2139e+02   998.3812  0.000e+00
      0.245    19.3230    19.3276     98.787  87.579871      0.349    9.21344    9.19770 1.2323e+02   998.3820  0.000e+00
      0.248    19.3218    19.3264     98.790  87.579871      0.352    9.21366    9.19791 1.2369e+02   998.3823  0.000e+00
      0.245    19.3224    19.3270     98.788  87.579871      0.349    9.21356    9.19781 1.2128e+02   998.3822  0.000e+00
      0.245    19.3220    19.3266     98.923  87.698770      0.349    9.21363    9.19788 1.2793e+02   998.3823  0.000e+00
      0.240    19.3212    19.3258     98.791  87.579871      0.341    9.21378    9.19803 1.2886e+02   998.3824  0.000e+00
      0.242    19.3202    19.3248     98.726  87.520422      0.345    9.21397    9.19822 1.2574e+02   998.3826  0.000e+00
      0.242    19.3174    19.3220     98.867  87.639322      0.345    9.21449    9.19874 1.2807e+02   998.3832  0.000e+00
      0.245    19.3142    19.3188     98.807  87.579873      0.349    9.21508    9.19933 1.1693e+02   998.3838  0.000e+00
      0.248    19.3132    19.3178     98.809  87.579874      0.352    9.21526    9.19952 1.2229e+02   998.3840  0.000e+00
      0.245    19.3127    19.3174     98.810  87.579874      0.349    9.21535    9.19960 1.2163e+02   998.3841  0.000e+00
      0.245    19.3121    19.3167     98.878  87.639323      0.349    9.21546    9.19972 1.2835e+02   998.3842  0.000e+00
      0.243    19.3113    19.3159     98.813  87.579874      0.346    9.21562    9.19987 1.2889e+02   998.3844  0.000e+00
      0.244    19.3083    19.3129     98.753  87.520426      0.348    9.21617    9.20043 1.2462e+02   998.3849  0.000e+00
      0.245    19.3041    19.3087     98.896  87.639325      0.349    9.21694    9.20121 1.2110e+02   998.3858  0.000e+00
      0.248    19.3025    19.3072     98.900  87.639326      0.352    9.21723    9.20150 1.1855e+02   998.3862  0.000e+00
      0.247    19.2856    19.2903     98.870  87.579881      0.351    9.22036    9.20464 1.2356e+02   998.3895  0.000e+00
      0.245    19.2786    19.2833     98.886  87.579883      0.349    9.22166    9.20594 1.2956e+02   998.3909  0.000e+00
      0.244    19.2786    19.2833     99.020  87.698782      0.348    9.22165    9.20594 1.2690e+02   998.3909  0.000e+00
      0.247    19.2814    19.2860     98.947  87.639332      0.351    9.22115    9.20543 1.2593e+02   998.3904  0.000e+00
      0.249    19.2796    19.2843     98.951  87.639332      0.354    9.22147    9.20575 1.2560e+02   998.3907  0.000e+00
      0.245    19.2774    19.2820     98.956  87.639333      0.349    9.22189    9.20618 1.3289e+02   998.3912  0.000e+00
      0.244    19.2766    19.2813     98.958  87.639333      0.348    9.22203    9.20631 1.2535e+02   998.3913  0.000e+00
      0.245    19.2775    19.2822     98.888  87.579884      0.349    9.22186    9.20614 1.2593e+02   998.3911  0.000e+00
      0.250    19.2769    19.2815     99.024  87.698783      0.355    9.22197    9.20626 1.2001e+02   998.3913  0.000e+00
      0.256    19.2807    19.2854     98.948  87.639332      0.365    9.22127    9.20555 1.2782e+02   998.3905  0.000e+00
      0.261    19.2794    19.2840     98.951  87.639333      0.371    9.22152    9.20580 1.2939e+02   998.3908  0.000e+00
      0.262    19.2782    19.2828     98.954  87.639333      0.372    9.22174    9.20602 1.3278e+02   998.3911  0.000e+00
      0.255    19.2743    19.2789     99.030  87.698783      0.363    9.22246    9.20675 1.2574e+02   998.3918  0.000e+00
      0.248    19.2748    19.2794     98.895  87.579884      0.352    9.22236    9.20665 1.3539e+02   998.3917  0.000e+00
      0.247    19.2769    19.2815     98.890  87.579884      0.351    9.22198    9.20626 1.2872e+02   998.3912  0.000e+00
      0.251    19.2747    19.2794     99.063  87.728508      0.357    9.22238    9.20666 1.3847e+02   998.3917  0.000e+00
      0.256    19.2612    19.2658     99.059  87.698787      0.365    9.22488    9.20918 1.2934e+02   998.3945  0.000e+00
      0.257    19.2451    19.2497     99.028  87.639342      0.366    9.22788    9.21219 1.4489e+02   998.3977  0.000e+00
      0.254    19.2417    19.2463     99.103  87.698793      0.362    9.22850    9.21281 1.3474e+02   998.3983  0.000e+00
      0.248    19.2440    19.2486     99.199  87.787966      0.352    9.22808    9.21239 1.5340e+02   998.3979  0.000e+00
      0.243    19.2388    19.2434     99.042  87.639344      0.346    9.22904    9.21336 1.4754e+02   998.3988  0.000e+00
      0.247    19.2377    19.2423     99.145  87.728518      0.351    9.22924    9.21356 1.4027e+02   998.3991  0.000e+00
      0.251    19.2428    19.2474     99.134  87.728517      0.357    9.22830    9.21261 1.3926e+02   998.3981  0.000e+00
      0.253    19.2404    19.2450     99.106  87.698793      0.360    9.22874    9.21305 1.3365e+02   998.3986  0.000e+00
      0.256    19.2381    19.2427     99.111  87.698794      0.365    9.22918    9.21349 1.4129e+02   998.3991  0.000e+00
      0.252    19.2410    19.2456     99.138  87.728518      0.358    9.22864    9.21295 1.3682e+02   998.3985  0.000e+00
      0.250    19.2431    19.2478     99.133  87.728517      0.355    9.22823    9.21254 1.5876e+02   998.3980  0.000e+00
      0.251    19.2470    19.2516     99.192  87.787966      0.357    9.22752    9.21183 1.4315e+02   998.3973  0.000e+00
      0.250    19.2498    19.2544     99.085  87.698790      0.355    9.22701    9.21131 1.6923e+02   998.3967  0.000e+00
      0.252    19.2521    19.2568     99.113  87.728514      0.358    9.22657    9.21087 1.5748e+02   998.3963  0.000e+00
      0.253    19.2529    19.2576     99.178  87.787964      0.360    9.22641    9.21072 1.5404e+02   998.3961  0.000e+00
      0.251    19.2549    19.2595     99.073  87.698789      0.357    9.22606    9.21036 1.6553e+02   998.3957  0.000e+00
      0.250    19.2581    19.2627     99.100  87.728513      0.355    9.22546    9.20976 1.4416e+02   998.3951  0.000e+00
      0.253    19.2603    19.2649     99.095  87.728512      0.360    9.22505    9.20935 1.5337e+02   998.3946  0.000e+00
      0.253    19.2559    19.2606     99.105  87.728513      0.360    9.22586    9.21016 1.6688e+02   998.3955  0.000e+00
      0.254    19.2507    19.2553     99.116  87.728515      0.362    9.22684    9.21114 1.8218e+02   998.3966  0.000e+00
      0.253    19.2485    19.2531     99.188  87.787965      0.360    9.22724    9.21155 1.4790e+02   998.3970  0.000e+00
      0.253    19.2459    19.2505     99.127  87.728516      0.360    9.22773    9.21204 1.4144e+02   998.3975  0.000e+00
      0.251    19.2372    19.2418     99.113  87.698794      0.357    9.22934    9.21366 1.9551e+02   998.3992  0.000e+00
      0.253    19.2350    19.2396     99.219  87.787969      0.360    9.22975    9.21406 2.1668e+02   998.3997  0.000e+00
      0.255    19.2352    19.2398     99.151  87.728519      0.363    9.22971    9.21403 1.8270e+02   998.3996  0.000e+00
      0.252    19.2295    19.2341     99.164  87.728521      0.358    9.23077    9.21510 2.2578e+02   998.4008  0.000e+00
      0.254    19.2284    19.2330     99.166  87.728521      0.362    9.23098    9.21530 2.1649e+02   998.4010  0.000e+00
      0.254    19.2324    19.2370     99.225  87.787970      0.362    9.23023    9.21455 4.8432e+02   998.4002  0.000e+00
      0.253    19.2334    19.2381     99.121  87.698795      0.360    9.23003    9.21435 1.7591e+02   998.4000  0.000e+00
      0.254    19.2330    19.2376     99.223  87.787970      0.362    9.23012    9.21443 2.3138e+02   998.4001  0.000e+00
      0.255    19.2334    19.2381     99.155  87.728520      0.363    9.23003    9.21435 1.6934e+02   998.4000  0.000e+00
      0.255    19.2379    19.2425     99.212  87.787968      0.363    9.22921    9.21352 1.9436e+02   998.3991  0.000e+00
      0.253    19.2394    19.2440     99.142  87.728518      0.360    9.22892    9.21324 4.0294e+02   998.3988  0.000e+00
      0.253    19.2388    19.2434     99.143  87.728518      0.360    9.22904    9.21335 2.2046e+02   998.3989  0.000e+00
      0.250    19.2385    19.2431     99.211  87.787968      0.355    9.22909    9.21340 2.5121e+02   998.3990  0.000e+00
      0.252    19.2392    19.2439     99.142  87.728518      0.358    9.22896    9.21327 2.2381e+02   998.3988  0.000e+00
      0.253    19.2405    19.2451     99.206  87.787967      0.360    9.22872    9.21303 2.6159e+02   998.3986  0.000e+00
      0.255    19.2411    19.2457     99.205  87.787967      0.363    9.22862    9.21293 4.2727e+02   998.3985  0.000e+00
      0.254    19.2405    19.2451     99.139  87.728518      0.362    9.22872    9.21303 1.7312e+02   998.3986  0.000e+00
      0.256    19.2405    19.2451     99.139  87.728518      0.365    9.22872    9.21303 2.4369e+02   998.3986  0.000e+00
      0.255    19.2392    19.2438     99.209  87.787968      0.363    9.22897    9.21329 2.0452e+02   998.3989  0.000e+00
      0.252    19.2363    19.2410     99.149  87.728519      0.358    9.22950    9.21381 3.2505e+02   998.3994  0.000e+00
      0.255    19.2307    19.2353     99.228  87.787970      0.363    9.23054    9.21486 1.9271e+02   998.4006  0.000e+00
      0.255    19.2285    19.2332     99.300  87.847421      0.363    9.23094    9.21526 2.3712e+02   998.4010  0.000e+00
      0.257    19.2256    19.2303     99.240  87.787972      0.366    9.23148    9.21580 2.4130e+02   998.4016  0.000e+00
      0.248    19.2198    19.2245     99.186  87.728524      0.352    9.23256    9.21689 3.2584e+02   998.4027  0.000e+00
      0.239    19.2184    19.2230     99.189  87.728524      0.340    9.23283    9.21716 1.8483e+02   998.4029  0.000e+00
