data/ctd_cnv_files/2024.03.21 Okaro 1 0001.cnv
* Sea-Bird SBE19plus  Data File:
* FileName = C:\Users\dcastle\Documents\CTD\SBE19plus_01908200_2024_03_27_0001.hex
* Software version 2.8.0.119
* Temperature SN = 8200
* Conductivity SN = 8200
* System UpLoad Time = Mar 27 2024 14:46:47
* <ApplicationData>
* <Seaterm232>
# nquan = 16
# nvalues = 791                                   
# units = specified
# name 0 = depFM: Depth [fresh water, m]
# name 1 = tv290C: Temperature [ITS-90, deg C]
# name 2 = tv268C: Temperature [IPTS-68, deg C]
# name 3 = specc: Specific Conductance [uS/cm]
# name 4 = c0uS/cm: Conductivity [uS/cm]
# name 5 = prdE: Pressure, Strain Gauge [psi]
# name 6 = sbeox0Mg/L: Oxygen, SBE 43 [mg/l]
# name 7 = sbeox0PS: Oxygen, SBE 43 [% saturation]
# name 8 = oxsolMg/L: Oxygen Saturation, Garcia & Gordon [mg/l]
# name 9 = oxsatMg/L: Oxygen Saturation, Weiss [mg/l]
# name 10 = par/sat/log: PAR/Logarithmic, Satlantic [umol photons/m^2/sec]
# name 11 = flCM: Fluorescence, Chelsea Mini Chl Con [ug/l]
# name 12 = CStarAt0: Beam Attenuation, WET Labs C-Star [1/m]
# name 13 = CStarTr0: Beam Transmission, WET Labs C-Star [%]
# name 14 = density00: Density [density, kg/m^3]
# name 15 = flag:  0.000e+00
# span 0 =     -0.510,     14.799                 
# span 1 =     9.9438,    17.7499                 
# span 2 =     9.9462,    17.7542                 
# span 3 =      0.457,    185.469                 
# span 4 =   0.349403, 129.658347                 
# span 5 =     -0.726,     21.049                 
# span 6 =    -0.8827,    10.2119                 
# span 7 =     -8.326,    104.694                 
# span 8 =    9.51308,   11.29757                 
# span 9 =    9.49850,   11.28650                 
# span 10 = 1.1263e-01, 2.3380e+03                
# span 11 =    -0.3612,    29.3449                
# span 12 =     1.3949,    13.3860                
# span 13 =     3.5208,    70.5592                
# span 14 =   998.6846,   999.8438                
# span 15 = 0.0000e+00, 0.0000e+00                
# interval = seconds: 0.25
# start_time = Mar 21 2024 09:13:32 [Instrument's time stamp, header]
# bad_flag = -9.990e-29
*END*
[from data line 633]
      6.907    17.7442    17.7485     98.578  84.281198      9.825     7.6678     80.593    9.51420    9.49961 9.1134e+00     3.6348     1.7642    64.3361   998.7130  0.000e+00
      6.984    17.7429    17.7472     98.581  84.281199      9.934     7.6679     80.592    9.51445    9.49987 8.8463e+00     3.6369     1.7282    64.9180   998.7136  0.000e+00
      7.031    17.7417    17.7460     98.723  84.400080     10.001     7.6670     80.581    9.51469    9.50010 8.7195e+00     3.6433     1.7537    64.5049   998.7141  0.000e+00
      7.071    17.7412    17.7455     98.585  84.281200     10.058     7.6844     80.762    9.51479    9.50021 8.5457e+00     3.5754     1.7344    64.8173   998.7143  0.000e+00
      7.142    17.7404    17.7446     98.448  84.162322     10.158     7.6725     80.636    9.51496    9.50038 8.2699e+00     3.5564     1.7251    64.9683   998.7148  0.000e+00
      7.203    17.7390    17.7432     98.590  84.281202     10.245     7.6667     80.573    9.51523    9.50065 8.1087e+00     3.6072     1.7520    64.5330   998.7153  0.000e+00
      7.235    17.7354    17.7396     98.529  84.221764     10.291     7.6594     80.490    9.51594    9.50136 8.0680e+00     3.6602     1.7593    64.4146   998.7161  0.000e+00
      7.277    17.7196    17.7238     98.496  84.162329     10.350     7.6487     80.352    9.51904    9.50447 7.8504e+00     3.7175     1.7333    64.8351   998.7192  0.000e+00
      7.355    17.7155    17.7198     98.262  83.954293     10.461     7.6418     80.272    9.51984    9.50527 7.5473e+00     3.7323     1.6941    65.4732   998.7202  0.000e+00
      7.419    17.6805    17.6848     97.472  83.211332     10.552     7.6292     80.082    9.52674    9.51220 7.4099e+00     3.7132     1.7638    64.3420   998.7265  0.000e+00
      7.460    17.5369    17.5411     96.963  82.498144     10.611     7.6302     79.855    9.55505    9.54062 7.3245e+00     3.6200     1.7416    64.7003   998.7525  0.000e+00
      7.513    17.2915    17.2956     95.875  81.101546     10.687     7.6386     79.537    9.60381    9.58954 7.1363e+00     3.6369     1.7413    64.7048   998.7962  0.000e+00
      7.574    16.9366    16.9406     95.376  80.002205     10.773     7.6388     78.954    9.67507    9.66106 6.9727e+00     3.7026     1.7337    64.8292   998.8584  0.000e+00
      7.620    16.5230    16.5270     95.431  79.259484     10.838     7.6028     77.903    9.75931    9.74557 6.8969e+00     3.7980     1.7414    64.7033   998.9293  0.000e+00
      7.648    16.1525    16.1564     96.038  79.051592     10.878     7.4009     75.244    9.83588    9.82239 6.8144e+00     3.6115     1.7492    64.5774   998.9912  0.000e+00
      7.713    15.8813    15.8851     95.912  78.427713     10.971     6.9701     70.457    9.89265    9.87933 6.5513e+00     3.8722     1.7447    64.6500   999.0356  0.000e+00
      7.793    15.6555    15.6593     94.326  76.704580     11.084     6.2925     63.302    9.94039    9.92722 6.3704e+00     4.5315     1.7772    64.1273   999.0715  0.000e+00
      7.840    15.3093    15.3129     93.221  75.159861     11.152     5.4089     54.011   10.01439   10.00143 6.2722e+00     5.2099     1.8392    63.1412   999.1255  0.000e+00
      7.873    14.8489    14.8524     93.739  74.714378     11.198     4.3668     43.174   10.11426   10.10157 6.1729e+00     5.2947     1.8615    62.7903   999.1957  0.000e+00
      7.939    14.4932    14.4967     93.079  73.526256     11.292     3.2432     31.819   10.19267   10.18017 5.9371e+00     5.6127     1.8909    62.3299   999.2480  0.000e+00
      8.003    14.1444    14.1478     92.619  72.516417     11.383     2.1122     20.565   10.27064   10.25832 5.8049e+00     5.8670     1.8888    62.3624   999.2980  0.000e+00
      8.046    13.8054    13.8087     92.931  72.130363     11.444     1.0686     10.327   10.34741   10.33526 5.6892e+00     5.5915     1.8929    62.2988   999.3453  0.000e+00
      8.087    13.5304    13.5336     93.401  71.981916     11.502     0.2317      2.225   10.41045   10.39843 5.6028e+00     5.4664     1.9080    62.0648   999.3827  0.000e+00
      8.149    13.3153    13.3185     93.112  71.358231     11.590    -0.3537     -3.382   10.46025   10.44833 5.3197e+00     5.4664     1.9196    61.8842   999.4113  0.000e+00
      8.229    13.1032    13.1064     93.202  71.031570     11.705    -0.6972     -6.633   10.50976   10.49793 5.0576e+00     5.4515     1.9216    61.8531   999.4391  0.000e+00
      8.287    12.8956    12.8987     93.399  70.794013     11.787    -0.8613     -8.158   10.55864   10.54690 4.9352e+00     5.2544     1.9486    61.4370   999.4657  0.000e+00
      8.348    12.7137    12.7168     93.810  70.764355     11.873    -0.8827     -8.326   10.60177   10.59010 4.7033e+00     5.2968     1.9728    61.0669   999.4888  0.000e+00
      8.431    12.5652    12.5682     94.458  70.972294     11.992    -0.8341     -7.841   10.63724   10.62562 4.3988e+00     5.9624     1.9539    61.3556   999.5076  0.000e+00
      8.513    12.4272    12.4302     96.155  71.982177     12.108    -0.7227     -6.773   10.67033   10.65875 4.1793e+00     7.4697     2.1323    58.6801   999.5251  0.000e+00
      8.565    12.2636    12.2666     97.614  72.754490     12.182    -0.6102     -5.697   10.70982   10.69830 4.0365e+00     8.4978     2.2209    57.3949   999.5453  0.000e+00
      8.620    12.1052    12.1081     98.631  73.200084     12.261    -0.4998     -4.650   10.74832   10.73686 3.7991e+00     9.0596     2.2909    56.3985   999.5644  0.000e+00
      8.691    11.9819    11.9848     99.562  73.645680     12.361    -0.4103     -3.807   10.77847   10.76704 3.5084e+00    10.5160     2.4550    54.1316   999.5792  0.000e+00
      8.751    11.8766    11.8795    100.289  73.972461     12.446    -0.3293     -3.048   10.80431   10.79291 3.3494e+00    13.2083     2.5067    53.4372   999.5917  0.000e+00
      8.784    11.7737    11.7765    101.257  74.477482     12.494    -0.2490     -2.299   10.82968   10.81831 3.2662e+00    15.5613     2.5724    52.5666   999.6037  0.000e+00
      8.820    11.6745    11.6773    101.612  74.536918     12.545    -0.1739     -1.602   10.85425   10.84291 3.0474e+00    17.3717     2.5340    53.0730   999.6150  0.000e+00
      8.876    11.5955    11.5982    101.831  74.536938     12.624    -0.0985     -0.906   10.87391   10.86259 2.8720e+00    19.5446     2.6487    51.5731   999.6239  0.000e+00
      8.927    11.5277    11.5304    101.776  74.358718     12.697    -0.0265     -0.243   10.89082   10.87951 2.7305e+00    20.7954     2.7162    50.7099   999.6315  0.000e+00
      8.976    11.4621    11.4648    101.511  74.031973     12.766     0.0326      0.299   10.90723   10.89594 2.5982e+00    21.9740     2.7658    50.0851   999.6387  0.000e+00
      9.042    11.3880    11.3907    101.188  73.645825     12.860     0.0816      0.747   10.92584   10.91456 2.3999e+00    24.4183     2.8913    48.5378   999.6468  0.000e+00
      9.112    11.3402    11.3429    100.789  73.259678     12.961     0.1318      1.205   10.93785   10.92659 2.2147e+00    26.1587     2.9050    48.3720   999.6521  0.000e+00
      9.162    11.2576    11.2603    101.101  73.319107     13.032     0.1686      1.539   10.95867   10.94743 2.0709e+00    26.7862     2.9299    48.0714   999.6611  0.000e+00
      9.208    11.1850    11.1876    101.509  73.467646     13.097     0.2015      1.836   10.97704   10.96581 1.9792e+00    27.1021     3.0338    46.8395   999.6691  0.000e+00
      9.260    11.1609    11.1636    101.207  73.200313     13.171     0.2159      1.966   10.98315   10.97192 1.8342e+00    27.6469     3.2140    44.7755   999.6717  0.000e+00
      9.295    11.1372    11.1399    100.945  72.962687     13.220     0.2312      2.103   10.98917   10.97795 1.8470e+00    27.9945     3.3062    43.7554   999.6742  0.000e+00
      9.307    11.1037    11.1063    101.121  73.022103     13.237     0.2501      2.274   10.99768   10.98646 1.8146e+00    28.5076     3.3345    43.4474   999.6778  0.000e+00
      9.336    11.0772    11.0799    101.071  72.932998     13.279     0.2726      2.478   11.00440   10.99319 1.7465e+00    28.9379     3.3398    43.3897   999.6806  0.000e+00
      9.390    11.0584    11.0611    100.712  72.635967     13.356     0.2725      2.475   11.00920   10.99799 1.5810e+00    28.8489     3.4071    42.6656   999.6826  0.000e+00
      9.436    11.0226    11.0252    100.524  72.428053     13.421     0.2797      2.538   11.01834   11.00714 1.5434e+00    29.3449     3.4587    42.1193   999.6864  0.000e+00
      9.453    10.9692    10.9718    100.591  72.368660     13.446     0.2898      2.627   11.03197   11.02078 1.5421e+00    28.7111     3.4269    42.4554   999.6920  0.000e+00
      9.474    10.9342    10.9368    100.771  72.428074     13.475     0.2857      2.588   11.04091   11.02973 1.5133e+00    28.6962     3.3754    43.0047   999.6956  0.000e+00
      9.500    10.9187    10.9214    100.567  72.249860     13.512     0.2947      2.668   11.04488   11.03370 1.4732e+00    28.2277     3.3595    43.1764   999.6972  0.000e+00
      9.534    10.8905    10.8931    100.646  72.249867     13.560     0.2858      2.586   11.05212   11.04094 1.3515e+00    27.6872     3.4034    42.7056   999.7003  0.000e+00
      9.586    10.8634    10.8660    100.556  72.131063     13.635     0.2816      2.546   11.05907   11.04790 1.2065e+00    26.7502     3.4740    41.9579   999.7032  0.000e+00
      9.642    10.8430    10.8456    100.614  72.131068     13.715     0.2767      2.501   11.06430   11.05314 1.0972e+00    25.4273     3.5539    41.1287   999.7055  0.000e+00
      9.711    10.8147    10.8173    100.859  72.249886     13.812     0.2749      2.483   11.07158   11.06042 1.0172e+00    24.5306     3.6503    40.1486   999.7087  0.000e+00
      9.787    10.8153    10.8179    101.106  72.428104     13.920     0.2689      2.429   11.07141   11.06025 8.9152e-01    23.7781     3.7548    39.1136   999.7091  0.000e+00
      9.848    10.8271    10.8297    100.907  72.309290     14.007     0.2627      2.373   11.06839   11.05722 8.3070e-01    22.5549     3.7922    38.7494   999.7081  0.000e+00
      9.891    10.8292    10.8318    100.735  72.190479     14.069     0.2582      2.332   11.06784   11.05668 7.7455e-01    21.5310     3.7574    39.0884   999.7081  0.000e+00
      9.941    10.7871    10.7897    100.771  72.131083     14.140     0.2507      2.263   11.07867   11.06751 7.4074e-01    20.0916     3.7007    39.6466   999.7125  0.000e+00
     10.013    10.7394    10.7420    100.781  72.041987     14.242     0.2480      2.236   11.09097   11.07982 6.4949e-01    19.4725     3.6835    39.8169   999.7175  0.000e+00
     10.077    10.6711    10.6737    101.348  72.309328     14.333     0.2391      2.152   11.10859   11.09745 6.4892e-01    18.8090     3.6500    40.1515   999.7246  0.000e+00
     10.119    10.5923    10.5948    101.656  72.368753     14.393     0.2386      2.144   11.12902   11.11789 5.6292e-01    17.8741     3.6014    40.6431   999.7326  0.000e+00
     10.173    10.5329    10.5354    102.035  72.517283     14.469     0.2300      2.064   11.14445   11.13332 5.1995e-01    17.1216     3.5713    40.9496   999.7386  0.000e+00
     10.242    10.4902    10.4927    102.158  72.517293     14.568     0.2312      2.073   11.15555   11.14443 4.8767e-01    16.7018     3.5382    41.2901   999.7430  0.000e+00
     10.298    10.4464    10.4489    102.913  72.962858     14.646     0.2348      2.103   11.16696   11.15584 5.2200e-01    16.1146     3.5087    41.5951   999.7477  0.000e+00
     10.345    10.4002    10.4027    103.634  73.378728     14.714     0.2300      2.057   11.17901   11.16790 4.5840e-01    15.0886     3.4836    41.8572   999.7525  0.000e+00
     10.400    10.3591    10.3616    103.881  73.467852     14.792     0.2380      2.127   11.18977   11.17866 4.3858e-01    14.1558     3.4716    41.9831   999.7567  0.000e+00
     10.465    10.3216    10.3241    104.243  73.646090     14.884     0.2308      2.061   11.19959   11.18849 4.4263e-01    12.5744     3.4086    42.6493   999.7606  0.000e+00
     10.528    10.2852    10.2877    104.730  73.913445     14.974     0.2212      1.973   11.20913   11.19803 3.6425e-01    11.4615     3.3865    42.8862   999.7644  0.000e+00
     10.580    10.2478    10.2502    105.010  74.032276     15.048     0.2297      2.047   11.21897   11.20788 3.5342e-01    10.2001     3.3695    43.0684   999.7682  0.000e+00
     10.634    10.2159    10.2184    105.105  74.032284     15.125     0.2210      1.968   11.22736   11.21627 3.5342e-01     9.0554     3.3551    43.2238   999.7714  0.000e+00
     10.709    10.1951    10.1975    105.251  74.091701     15.232     0.2090      1.861   11.23285   11.22176 3.1199e-01     8.3685     3.2748    44.1004   999.7737  0.000e+00
     10.761    10.1805    10.1829    105.211  74.032294     15.306     0.2073      1.845   11.23671   11.22562 3.4336e-01     7.7792     3.2222    44.6837   999.7753  0.000e+00
     10.786    10.1701    10.1725    105.326  74.091707     15.342     0.2011      1.790   11.23945   11.22836 3.3807e-01     7.1369     3.1929    45.0124   999.7764  0.000e+00
     10.821    10.1650    10.1675    105.510  74.210532     15.391     0.2047      1.821   11.24078   11.22969 2.8798e-01     6.8062     3.2018    44.9132   999.7770  0.000e+00
     10.894    10.1624    10.1648    105.434  74.151121     15.495     0.2000      1.779   11.24147   11.23038 2.7290e-01     6.3779     3.2018    44.9132   999.7776  0.000e+00
     10.955    10.1560    10.1585    105.537  74.210535     15.581     0.1983      1.764   11.24316   11.23207 2.6397e-01     5.8946     3.2189    44.7207   999.7785  0.000e+00
     10.989    10.1476    10.1501    105.689  74.299654     15.631     0.1945      1.729   11.24537   11.23428 2.7942e-01     5.6763     3.2200    44.7089   999.7795  0.000e+00
     11.023    10.1395    10.1419    105.883  74.418481     15.679     0.1856      1.650   11.24751   11.23642 2.3970e-01     5.4537     3.2345    44.5475   999.7804  0.000e+00
     11.080    10.1331    10.1356    105.986  74.477895     15.759     0.1880      1.671   11.24919   11.23811 2.4096e-01     5.3095     3.2454    44.4261   999.7813  0.000e+00
     11.148    10.1272    10.1297    106.089  74.537309     15.856     0.1853      1.647   11.25075   11.23967 2.2082e-01     5.1569     3.2534    44.3373   999.7822  0.000e+00
     11.199    10.1196    10.1220    106.112  74.537311     15.929     0.1840      1.635   11.25278   11.24169 2.1742e-01     4.8728     3.2646    44.2129   999.7831  0.000e+00
     11.241    10.1107    10.1131    106.308  74.656139     15.989     0.1712      1.521   11.25513   11.24405 1.9038e-01     4.6121     3.3065    43.7524   999.7842  0.000e+00
     11.284    10.1019    10.1044    106.250  74.596729     16.049     0.1698      1.509   11.25744   11.24636 1.8303e-01     4.5464     3.3171    43.6369   999.7852  0.000e+00
     11.352    10.0930    10.0954    106.193  74.537319     16.147     0.1784      1.585   11.25982   11.24874 1.7364e-01     4.6481     7.6937    14.6107   999.7863  0.000e+00
     11.417    10.0836    10.0861    106.136  74.477909     16.239     0.1692      1.503   11.26229   11.25121 1.3329e-01     4.6481     3.3391    43.3971   999.7874  0.000e+00
     11.457    10.0739    10.0763    106.250  74.537324     16.295     0.1725      1.531   11.26488   11.25380 1.3224e-01     4.4912     3.3346    43.4459   999.7885  0.000e+00
     11.497    10.0655    10.0679    106.276  74.537327     16.352     0.1688      1.498   11.26710   11.25602 1.4941e-01     4.3428     3.3383    43.4059   999.7894  0.000e+00
     11.548    10.0591    10.0615    106.465  74.656154     16.425     0.1746      1.549   11.26880   11.25772 1.1282e-01     4.2008     3.3783    42.9736   999.7903  0.000e+00
     11.598    10.0540    10.0564    106.480  74.656155     16.496     0.1757      1.559   11.27014   11.25905 1.4714e-01     4.2432     5.4861    25.3719   999.7910  0.000e+00
