data/ctd_cnv_files/2024.01.25 Okaro 2 124.cnv
* Sea-Bird SBE19plus Data File:
* FileName = C:\Users\instrument\Desktop\Iola Rosa. CTD Cast. July.23\Jsanuary 2024\Iola Rosa Jan124.24.hex
* Software Version 1.59
* Temperature SN =  4268
* Conductivity SN =  4268
* System UpLoad Time = Feb 01 2024 08:54:22
* ds
* SeacatPlus V 1.6  SERIAL NO. 4268    01 Feb 2024  08:53:08
# nquan = 16
# nvalues = 700                                   
# units = specified
# name 0 = depFM: Depth [fresh water, m]
# name 1 = tv290C: Temperature [ITS-90, deg C]
# name 2 = tv268C: Temperature [IPTS-68, deg C]
# name 3 = specc: Specific Conductance [uS/cm]
# name 4 = c0uS/cm: Conductivity [uS/cm]
# name 5 = prdE: Pressure, Strain Gauge [psi]
# name 6 = sbeox0Mg/L: Oxygen, SBE 43 [mg/l]
# name 7 = sbeox0PS: Oxygen, SBE 43 [% saturation]
# name 8 = oxsolMg/L: Oxygen Saturation, Garcia & Gordon [mg/l]
# name 9 = oxsatMg/L: Oxygen Saturation, Weiss [mg/l]
# name 10 = par: PAR/Irradiance, Biospherical/Licor
# name 11 = flCM: Fluorescence, Chelsea Mini Chl Con [ug/l]
# name 12 = bat: Beam Attenuation, Chelsea/Seatech [1/m]
# name 13 = xmiss: Beam Transmission, Chelsea/Seatech [%]
# name 14 = density00: Density [density, kg/m^3]
# name 15 = flag:  0.000e+00
# span 0 =     -0.604,     15.906                 
# span 1 =     9.7491,    23.9700                 
# span 2 =     9.7514,    23.9758                 
# span 3 =     91.495,    240.118                 
# span 4 =  68.189927, 167.039663                 
# span 5 =     -0.859,     22.624                 
# span 6 =    -0.9533,     9.3450                 
# span 7 =     -9.199,    110.893                 
# span 8 =    8.42032,   11.35171                 
# span 9 =    8.40134,   11.34064                 
# span 10 = 1.0552e-01, 2.7174e+02                
# span 11 =     1.4873,    57.1686                
# span 12 =     1.8115,     4.8819                
# span 13 =    29.5088,    63.5795                
# span 14 =   997.3413,   999.8842                
# span 15 = 0.0000e+00, 0.0000e+00                
# interval = seconds: 0.25
# start_time = Jan 25 2024 13:55:48 [Instrument's time stamp, header]
# bad_flag = -9.990e-29
*END*
[from data line 362]
      0.166    23.8989    23.9047     96.228  94.119635      0.236     8.1935     97.177    8.43152    8.41258 1.6661e+02     4.9237     2.0835    59.3997   997.3615  0.000e+00
      0.164    23.8984    23.9041     96.416  94.302809      0.233     8.1886     97.118    8.43160    8.41267 1.6703e+02     4.9385     2.0938    59.2472   997.3616  0.000e+00
      0.165    23.8971    23.9028     96.231  94.119636      0.234     8.1726     96.926    8.43182    8.41288 1.8470e+02     4.9322     2.1019    59.1273   997.3619  0.000e+00
      0.164    23.8967    23.9024     96.326  94.211222      0.233     8.1673     96.862    8.43187    8.41294 1.6837e+02     4.9640     2.1087    59.0266   997.3620  0.000e+00
      0.165    23.8957    23.9014     96.328  94.211223      0.234     8.1676     96.865    8.43203    8.41310 1.7842e+02     5.0000     2.0978    59.1880   997.3623  0.000e+00
      0.164    23.8939    23.8996     96.238  94.119637      0.233     8.1690     96.877    8.43231    8.41338 1.7216e+02     5.0276     2.0884    59.3271   997.3627  0.000e+00
      0.165    23.8913    23.8970     96.430  94.302811      0.234     8.1713     96.900    8.43272    8.41379 1.7366e+02     4.9915     2.1019    59.1273   997.3634  0.000e+00
      0.165    23.8896    23.8953     96.340  94.211224      0.234     8.1723     96.909    8.43299    8.41406 1.9926e+02     4.9576     2.0966    59.2057   997.3638  0.000e+00
      0.163    23.8882    23.8939     96.343  94.211225      0.231     8.1718     96.900    8.43322    8.41429 2.1309e+02     4.9491     2.0893    59.3138   997.3641  0.000e+00
      0.165    23.8899    23.8956     96.339  94.211224      0.234     8.1785     96.983    8.43295    8.41402 1.6934e+02     4.9025     2.0903    59.2990   997.3637  0.000e+00
      0.164    23.8918    23.8976     96.273  94.150166      0.233     8.1716     96.905    8.43264    8.41371 1.8189e+02     4.9534     2.0990    59.1702   997.3632  0.000e+00
      0.167    23.8919    23.8977     96.241  94.119637      0.238     8.1761     96.958    8.43263    8.41369 1.9439e+02     4.9513     2.0867    59.3523   997.3632  0.000e+00
      0.163    23.8921    23.8979     96.335  94.211224      0.231     8.1733     96.925    8.43260    8.41366 1.8256e+02     4.9089     2.0968    59.2028   997.3632  0.000e+00
      0.160    23.8924    23.8981     96.241  94.119637      0.228     8.1759     96.956    8.43255    8.41362 1.7362e+02     4.9046     2.0931    59.2576   997.3631  0.000e+00
      0.163    23.8919    23.8977     96.335  94.211224      0.231     8.1783     96.984    8.43262    8.41369 2.0917e+02     4.9301     2.0799    59.4530   997.3632  0.000e+00
      0.162    23.8910    23.8967     96.337  94.211224      0.230     8.1684     96.865    8.43278    8.41385 1.7019e+02     4.8749     2.0904    59.2975   997.3634  0.000e+00
      0.164    23.8904    23.8961     96.182  94.058580      0.233     8.1842     97.052    8.43287    8.41394 1.6265e+02     4.8347     2.0862    59.3597   997.3635  0.000e+00
      0.165    23.8906    23.8963     96.338  94.211224      0.234     8.1889     97.107    8.43284    8.41391 1.7216e+02     4.7435     2.0715    59.5788   997.3635  0.000e+00
      0.163    23.8910    23.8968     96.337  94.211224      0.231     8.1981     97.218    8.43277    8.41383 1.8010e+02     4.6863     2.0810    59.4367   997.3634  0.000e+00
      0.164    23.8916    23.8973     96.429  94.302811      0.233     8.2031     97.277    8.43268    8.41375 2.1679e+02     4.6608     2.0830    59.4071   997.3633  0.000e+00
      0.164    23.8920    23.8978     96.241  94.119637      0.233     8.2033     97.281    8.43261    8.41368 1.6864e+02     4.6205     2.0902    59.3005   997.3632  0.000e+00
      0.163    23.8918    23.8975     96.429  94.302811      0.231     8.2023     97.269    8.43265    8.41372 1.7522e+02     4.6523     2.0926    59.2650   997.3633  0.000e+00
      0.165    23.8916    23.8973     96.180  94.058580      0.234     8.2029     97.275    8.43268    8.41375 1.8700e+02     4.7350     2.0853    59.3730   997.3632  0.000e+00
      0.165    23.8915    23.8972     96.336  94.211224      0.234     8.1919     97.144    8.43269    8.41376 1.7486e+02     4.7880     2.0771    59.4945   997.3633  0.000e+00
      0.166    23.8926    23.8983     96.334  94.211224      0.236     8.1867     97.085    8.43252    8.41359 1.7924e+02     4.8622     2.0768    59.5004   997.3631  0.000e+00
      0.165    23.8941    23.8998     96.331  94.211223      0.234     8.1898     97.124    8.43228    8.41335 1.7243e+02     4.8198     2.0871    59.3464   997.3627  0.000e+00
      0.169    23.8947    23.9005     96.330  94.211223      0.241     8.1903     97.132    8.43218    8.41325 2.4182e+02     4.8580     2.0892    59.3153   997.3625  0.000e+00
      0.172    23.8966    23.9023     96.326  94.211222      0.245     8.1927     97.164    8.43189    8.41295 2.2999e+02     4.8580     2.0801    59.4500   997.3621  0.000e+00
      0.182    23.8977    23.9034     96.324  94.211222      0.259     8.1918     97.154    8.43172    8.41278 1.7035e+02     4.8961     2.0821    59.4204   997.3619  0.000e+00
      0.183    23.8998    23.9056     96.382  94.272279      0.261     8.1902     97.139    8.43137    8.41244 1.6336e+02     4.9640     2.0882    59.3301   997.3614  0.000e+00
      0.183    23.9022    23.9079     96.409  94.302808      0.261     8.1871     97.107    8.43101    8.41207 2.1560e+02     4.9364     2.0947    59.2339   997.3608  0.000e+00
      0.177    23.9042    23.9099     96.217  94.119634      0.252     8.1883     97.125    8.43070    8.41176 1.6918e+02     4.8516     2.0892    59.3153   997.3602  0.000e+00
      0.172    23.9067    23.9124     96.400  94.302806      0.245     8.1794     97.024    8.43030    8.41136 1.8143e+02     4.8029     2.0933    59.2546   997.3596  0.000e+00
      0.175    23.9087    23.9144     96.209  94.119632      0.248     8.1811     97.047    8.42999    8.41105 1.6369e+02     4.7223     2.0840    59.3923   997.3591  0.000e+00
      0.177    23.9096    23.9154     96.300  94.211218      0.252     8.1790     97.024    8.42983    8.41089 1.7406e+02     4.6651     2.0838    59.3952   997.3589  0.000e+00
      0.181    23.9098    23.9156     96.393  94.302805      0.258     8.1792     97.027    8.42980    8.41086 1.7200e+02     4.6545     2.0867    59.3523   997.3589  0.000e+00
      0.178    23.9091    23.9148     96.208  94.119632      0.253     8.1876     97.125    8.42992    8.41098 1.8323e+02     4.6587     2.0806    59.4426   997.3590  0.000e+00
      0.171    23.9084    23.9141     96.552  94.455452      0.244     8.1921     97.178    8.43002    8.41108 2.3243e+02     4.6608     2.0907    59.2931   997.3593  0.000e+00
      0.164    23.9071    23.9129     96.212  94.119632      0.233     8.1917     97.171    8.43023    8.41129 1.7430e+02     4.5676     2.0960    59.2146   997.3594  0.000e+00
      0.158    23.9050    23.9107     96.403  94.302807      0.225     8.1891     97.136    8.43057    8.41163 1.8369e+02     4.4679     2.1078    59.0399   997.3600  0.000e+00
      0.162    23.9035    23.9093     96.219  94.119634      0.230     8.1860     97.096    8.43080    8.41186 1.7895e+02     4.4086     2.1184    58.8844   997.3603  0.000e+00
      0.168    23.9051    23.9108     96.403  94.302807      0.239     8.1826     97.059    8.43055    8.41161 1.8513e+02     4.3725     2.1063    59.0621   997.3600  0.000e+00
      0.172    23.9067    23.9124     96.212  94.119633      0.245     8.1890     97.137    8.43030    8.41136 1.8657e+02     4.4298     2.0989    59.1717   997.3596  0.000e+00
      0.171    23.9069    23.9127     96.462  94.363864      0.244     8.1926     97.181    8.43025    8.41131 1.8256e+02     4.4912     2.1043    59.0917   997.3596  0.000e+00
      0.169    23.9079    23.9137     96.397  94.302806      0.241     8.1899     97.150    8.43010    8.41116 1.8097e+02     4.5442     2.0848    59.3804   997.3593  0.000e+00
      0.163    23.9075    23.9132     96.211  94.119632      0.231     8.1887     97.136    8.43017    8.41123 1.7534e+02     4.5972     2.1091    59.0206   997.3593  0.000e+00
      0.164    23.9064    23.9121     96.400  94.302806      0.233     8.1887     97.134    8.43034    8.41140 1.7113e+02     4.6036     2.1062    59.0636   997.3597  0.000e+00
      0.168    23.9048    23.9105     96.247  94.150162      0.239     8.1916     97.165    8.43060    8.41166 1.6581e+02     4.5421     2.0978    59.1880   997.3600  0.000e+00
      0.172    23.9027    23.9085     96.470  94.363866      0.245     8.1958     97.211    8.43092    8.41198 1.6981e+02     4.5082     2.0976    59.1909   997.3606  0.000e+00
      0.167    23.9023    23.9080     96.315  94.211221      0.238     8.1922     97.168    8.43099    8.41206 1.8131e+02     4.5018     2.0995    59.1628   997.3607  0.000e+00
      0.167    23.9025    23.9083     96.314  94.211220      0.238     8.1863     97.098    8.43095    8.41201 1.8593e+02     4.5506     2.1086    59.0281   997.3606  0.000e+00
      0.167    23.9025    23.9082     96.408  94.302808      0.238     8.1833     97.062    8.43096    8.41203 1.8072e+02     4.5887     2.0976    59.1909   997.3607  0.000e+00
      0.175    23.9034    23.9091     96.219  94.119634      0.248     8.1905     97.150    8.43083    8.41189 1.6309e+02     4.6121     2.0935    59.2516   997.3604  0.000e+00
      0.172    23.9085    23.9142     96.459  94.363864      0.245     8.1994     97.265    8.43001    8.41107 1.8525e+02     4.6163     2.0910    59.2886   997.3592  0.000e+00
      0.170    23.9145    23.9202     96.197  94.119630      0.242     8.2016     97.302    8.42907    8.41012 1.8825e+02     4.5781     2.1125    58.9703   997.3576  0.000e+00
      0.198    23.9169    23.9227     96.192  94.119630      0.281     8.1970     97.252    8.42868    8.40974 1.6362e+02     4.5612     2.1013    59.1361   997.3572  0.000e+00
      0.225    23.9204    23.9262     96.435  94.363861      0.320     8.1986     97.277    8.42813    8.40918 1.6833e+02     4.5930     2.1246    58.7926   997.3565  0.000e+00
      0.247    23.9287    23.9344     96.263  94.211213      0.352     8.1988     97.294    8.42683    8.40787 1.7867e+02     4.6714     2.1023    59.1213   997.3545  0.000e+00
      0.268    23.9341    23.9398     96.346  94.302799      0.381     8.2023     97.345    8.42597    8.40702 1.5951e+02     4.6799     2.1238    58.8045   997.3533  0.000e+00
      0.283    23.9313    23.9371     96.414  94.363858      0.403     8.2045     97.366    8.42641    8.40746 1.4507e+02     4.7371     2.1096    59.0132   997.3541  0.000e+00
      0.286    23.9281    23.9338     96.264  94.211214      0.406     8.1991     97.296    8.42692    8.40797 1.4742e+02     4.7477     2.1028    59.1139   997.3548  0.000e+00
      0.272    23.9274    23.9331     96.421  94.363859      0.388     8.1982     97.285    8.42703    8.40808 1.5582e+02     4.8389     2.0952    59.2265   997.3550  0.000e+00
      0.197    23.9269    23.9326     96.360  94.302800      0.280     8.1958     97.255    8.42711    8.40816 1.8106e+02     4.8771     2.1124    58.9718   997.3548  0.000e+00
      0.084    23.9265    23.9323     96.173  94.119626      0.119     8.1952     97.248    8.42717    8.40822 1.9142e+02     5.0318     2.1290    58.7275   997.3543  0.000e+00
     -0.001    23.9266    23.9324     96.360  94.302799     -0.002     8.1897     97.183    8.42715    8.40820 1.9667e+02     5.1696     2.1238    58.8045   997.3540  0.000e+00
     -0.037    23.9315    23.9372     96.413  94.363855     -0.053     8.1920     97.218    8.42638    8.40743 2.7174e+02     5.3074     2.1275    58.7497   997.3526  0.000e+00
     -0.045    23.9413    23.9470     96.176  94.150149     -0.064     8.1915     97.231    8.42484    8.40588 2.4794e+02     5.3731     2.1516    58.3973   997.3501  0.000e+00
     -0.045    23.9472    23.9530     96.382  94.363850     -0.064     8.1878     97.198    8.42390    8.40494 2.2125e+02     5.2883     2.1217    58.8356   997.3487  0.000e+00
     -0.025    23.9504    23.9561     96.376  94.363849     -0.036     8.1874     97.198    8.42340    8.40444 2.0580e+02     5.2756     2.1231    58.8148   997.3480  0.000e+00
     -0.010    23.9518    23.9576     96.217  94.211204     -0.014     8.1851     97.173    8.42318    8.40422 1.9546e+02     5.2756     2.1298    58.7171   997.3477  0.000e+00
     -0.002    23.9544    23.9602     96.368  94.363848     -0.003     8.1909     97.248    8.42277    8.40380 2.0091e+02     5.3858     2.1220    58.8311   997.3471  0.000e+00
     -0.002    23.9525    23.9582     96.465  94.455437     -0.003     8.1999     97.351    8.42308    8.40411 1.6988e+02     5.4113     2.1111    58.9910   997.3476  0.000e+00
     -0.015    23.9521    23.9578     96.217  94.211204     -0.022     8.2058     97.420    8.42314    8.40417 1.5618e+02     5.4240     2.1119    58.9792   997.3476  0.000e+00
     -0.034    23.9537    23.9595     96.213  94.211203     -0.048     8.1995     97.348    8.42288    8.40392 1.4691e+02     5.4685     2.0974    59.1939   997.3471  0.000e+00
     -0.044    23.9552    23.9609     96.554  94.547023     -0.062     8.1994     97.349    8.42265    8.40368 1.3194e+02     5.5194     2.0944    59.2383   997.3468  0.000e+00
     -0.069    23.9551    23.9608     96.304  94.302789     -0.098     8.1927     97.270    8.42267    8.40370 1.4046e+02     5.5512     2.1010    59.1406   997.3466  0.000e+00
     -0.145    23.9540    23.9597     96.119  94.119615     -0.206     8.1903     97.239    8.42284    8.40388 2.1733e+02     5.5173     2.1155    58.9274   997.3465  0.000e+00
     -0.236    23.9506    23.9563     96.469  94.455435     -0.336     8.1865     97.188    8.42337    8.40441 1.8670e+02     5.4897     2.1194    58.8696   997.3471  0.000e+00
     -0.278    23.9474    23.9532     96.382  94.363848     -0.395     8.1788     97.090    8.42387    8.40491 1.4372e+02     5.4791     2.1239    58.8030   997.3476  0.000e+00
     -0.283    23.9465    23.9523     96.134  94.119616     -0.403     8.1863     97.178    8.42402    8.40506 1.2679e+02     5.5024     2.1296    58.7201   997.3477  0.000e+00
     -0.355    23.9479    23.9536     96.225  94.211202     -0.505     8.1682     96.965    8.42381    8.40484 8.1361e+01     5.4918     2.1356    58.6312   997.3471  0.000e+00
     -0.412    23.9490    23.9548     96.472  94.455434     -0.586     8.1626     96.902    8.42362    8.40465 7.3964e+01     5.4939     2.1222    58.8282   997.3467  0.000e+00
     -0.388    23.9512    23.9569     96.312  94.302788     -0.552     8.1412     96.651    8.42328    8.40431 7.2321e+01     5.4855     2.1205    58.8533   997.3462  0.000e+00
     -0.359    23.9560    23.9617     96.209  94.211199     -0.511     8.1293     96.518    8.42253    8.40356 5.6363e+01     5.5427     2.1152    58.9318   997.3451  0.000e+00
     -0.423    23.9598    23.9656     96.357  94.363843     -0.602     8.1273     96.502    8.42192    8.40295 5.1239e+01     5.6105     2.1169    58.9066   997.3439  0.000e+00
     -0.480    23.9624    23.9681     96.446  94.455429     -0.683     8.1472     96.743    8.42152    8.40255 7.7485e+01     5.6890     2.1143    58.9451   997.3431  0.000e+00
     -0.530    23.9640    23.9697     96.349  94.363841     -0.753     8.1511     96.792    8.42126    8.40229 7.9372e+01     5.7377     2.1187    58.8800   997.3424  0.000e+00
     -0.591    23.9647    23.9705     96.192  94.211195     -0.841     8.1455     96.727    8.42115    8.40218 8.4244e+01     5.8670     2.1200    58.8607   997.3419  0.000e+00
     -0.604    23.9669    23.9726     96.530  94.547015     -0.859     8.1628     96.936    8.42081    8.40183 9.2840e+01     5.8692     2.1377    58.6002   997.3414  0.000e+00
