data/ctd_cnv_files/2024.02.09 Okaro 1 134.cnv
* Sea-Bird SBE19plus Data File:
* FileName = C:\Users\instrument\Desktop\Iola Rosa. CTD Casts\February 2024\Feb134.hex
* Software Version 1.59
* Temperature SN =  4268
* Conductivity SN =  4268
* System UpLoad Time = Feb 26 2024 13:52:23
* ds
* SeacatPlus V 1.6  SERIAL NO. 4268    26 Feb 2024  13:53:56
# nquan = 16
# nvalues = 580                                   
# units = specified
# name 0 = depFM: Depth [fresh water, m]
# name 1 = tv290C: Temperature [ITS-90, deg C]
# name 2 = tv268C: Temperature [IPTS-68, deg C]
# name 3 = specc: Specific Conductance [uS/cm]
# name 4 = c0uS/cm: Conductivity [uS/cm]
# name 5 = prdE: Pressure, Strain Gauge [psi]
# name 6 = sbeox0Mg/L: Oxygen, SBE 43 [mg/l]
# name 7 = sbeox0PS: Oxygen, SBE 43 [% saturation]
# name 8 = oxsolMg/L: Oxygen Saturation, Garcia & Gordon [mg/l]
# name 9 = oxsatMg/L: Oxygen Saturation, Weiss [mg/l]
# name 10 = par: PAR/Irradiance, Biospherical/Licor
# name 11 = flCM: Fluorescence, Chelsea Mini Chl Con [ug/l]
# name 12 = bat: Beam Attenuation, Chelsea/Seatech [1/m]
# name 13 = xmiss: Beam Transmission, Chelsea/Seatech [%]
# name 14 = density00: Density [density, kg/m^3]
# name 15 = flag:  0.000e+00
# span 0 =     -0.703,     16.017                 
# span 1 =     9.7894,    23.9626                 
# span 2 =     9.7918,    23.9684                 
# span 3 =      1.563,    265.511                 
# span 4 =   1.525912, 184.849615                 
# span 5 =     -1.000,     22.781                 
# span 6 =    -0.7182,     8.4958                 
# span 7 =     -6.946,    100.701                 
# span 8 =    8.42147,   11.34080                 
# span 9 =    8.40250,   11.32973                 
# span 10 = 1.0992e-01, 1.0837e+02                
# span 11 =    -0.3612,    30.2543                
# span 12 =     1.1655,     4.5664                
# span 13 =    31.9311,    74.7242                
# span 14 =   997.3447,   999.8917                
# span 15 = 0.0000e+00, 0.0000e+00                
# interval = seconds: 0.25
# start_time = Feb 09 2024 09:02:10 [Instrument's time stamp, header]
# bad_flag = -9.990e-29
*END*
[from data line 272]
      1.546    23.3686    23.3742     95.074  91.982904      2.199     7.9933     93.862    8.51599    8.49737 2.3825e+01     3.1599     1.5524    67.8348   997.4961  0.000e+00
      1.617    23.2218    23.2273     95.111  91.738745      2.299     8.0137     93.842    8.53964    8.52111 2.3258e+01     3.2214     1.5140    68.4893   997.5317  0.000e+00
      1.677    23.0623    23.0679     95.268  91.586167      2.385     8.0516     94.001    8.56544    8.54702 2.3205e+01     3.2999     1.4889    68.9201   997.5700  0.000e+00
      1.721    22.9132    22.9187     95.214  91.250439      2.448     8.0519     93.739    8.58971    8.57138 2.2171e+01     3.1981     1.4961    68.7958   997.6055  0.000e+00
      1.773    22.8018    22.8073     95.340  91.158899      2.521     8.0359     93.355    8.60791    8.58966 2.2222e+01     3.2553     1.4755    69.1511   997.6320  0.000e+00
      1.813    22.7227    22.7282     95.338  91.006301      2.579     8.0157     92.979    8.62089    8.60269 2.1903e+01     3.1833     1.4756    69.1496   997.6507  0.000e+00
      1.848    22.6427    22.6481     95.242  90.762133      2.629     7.9904     92.546    8.63405    8.61590 2.1378e+01     3.1896     1.5197    68.3915   997.6695  0.000e+00
      1.893    22.5724    22.5778     95.479  90.853726      2.693     7.9703     92.189    8.64563    8.62753 2.1246e+01     3.1769     1.4920    68.8668   997.6862  0.000e+00
      1.948    22.5178    22.5232     95.492  90.762171      2.771     7.9686     92.073    8.65464    8.63658 2.0741e+01     3.2002     1.4842    69.0016   997.6991  0.000e+00
      1.995    22.4525    22.4579     95.367  90.518001      2.837     7.9789     92.077    8.66547    8.64745 2.0294e+01     3.0963     1.4687    69.2696   997.7144  0.000e+00
      2.055    22.3830    22.3883     95.410  90.426452      2.923     7.9845     92.019    8.67700    8.65902 1.9839e+01     3.0285     1.4647    69.3377   997.7308  0.000e+00
      2.123    22.3246    22.3299     95.270  90.182284      3.020     7.9923     92.006    8.68672    8.66878 1.9367e+01     2.8992     1.4768    69.1289   997.7445  0.000e+00
      2.186    22.2728    22.2782     95.374  90.182300      3.109     7.9918     91.909    8.69533    8.67744 1.9341e+01     2.6702     1.4903    68.8964   997.7567  0.000e+00
      2.224    22.2130    22.2183     95.398  90.090749      3.164     7.9894     91.776    8.70532    8.68746 1.8916e+01     2.4583     1.4867    68.9586   997.7706  0.000e+00
      2.266    22.1548    22.1601     95.354  89.938153      3.223     7.9809     91.576    8.71505    8.69724 1.8602e+01     2.3395     1.4740    69.1778   997.7841  0.000e+00
      2.319    22.1066    22.1119     95.355  89.846599      3.298     7.9586     91.235    8.72314    8.70535 1.8348e+01     2.3607     1.4778    69.1111   997.7953  0.000e+00
      2.410    22.0630    22.0683     95.443  89.846613      3.428     7.9351     90.890    8.73044    8.71268 1.7502e+01     2.4159     1.4713    69.2237   997.8057  0.000e+00
      2.496    22.0176    22.0229     95.275  89.602448      3.550     7.9218     90.658    8.73807    8.72035 1.7586e+01     2.3247     1.4700    69.2459   997.8163  0.000e+00
      2.551    21.9656    21.9708     95.283  89.510898      3.628     7.9089     90.420    8.74684    8.72916 1.7418e+01     2.2971     1.4780    69.1082   997.8284  0.000e+00
      2.574    21.9213    21.9266     95.568  89.694044      3.660     7.8869     90.091    8.75430    8.73664 1.7736e+01     2.3459     1.5334    68.1576   997.8386  0.000e+00
      2.580    21.8949    21.9001     95.525  89.602485      3.670     7.8645     89.790    8.75876    8.74113 1.7514e+01     2.3438     1.4976    68.7706   997.8446  0.000e+00
      2.585    21.8958    21.9011     95.620  89.694051      3.676     7.8498     89.624    8.75860    8.74097 1.7200e+01     2.1805     1.4599    69.4206   997.8444  0.000e+00
      2.583    21.9073    21.9126     95.695  89.785615      3.675     7.8349     89.474    8.75666    8.73901 1.7390e+01     2.1297     1.4616    69.3925   997.8418  0.000e+00
      2.583    21.9253    21.9305     95.560  89.694043      3.675     7.8195     89.328    8.75363    8.73597 1.7326e+01     2.1021     1.4553    69.5020   997.8377  0.000e+00
      2.581    21.9589    21.9642     95.849  90.029781      3.671     7.8133     89.316    8.74795    8.73027 1.7109e+01     2.1424     1.4588    69.4398   997.8302  0.000e+00
      2.589    22.0160    22.0212     95.733  90.029764      3.682     7.8149     89.432    8.73835    8.72063 1.7590e+01     2.1848     1.4633    69.3628   997.8173  0.000e+00
      2.596    22.0663    22.0716     95.793  90.182364      3.692     7.8228     89.610    8.72988    8.71212 1.7271e+01     2.3099     1.4564    69.4828   997.8059  0.000e+00
      2.600    22.0932    22.0985     95.576  90.029742      3.698     7.8421     89.877    8.72538    8.70760 1.7145e+01     2.2335     1.4510    69.5761   997.7997  0.000e+00
      2.593    22.1001    22.1054     95.562  90.029739      3.689     7.8619     90.116    8.72421    8.70643 1.7438e+01     2.2844     1.4547    69.5109   997.7981  0.000e+00
      2.590    22.1022    22.1075     95.979  90.426539      3.684     7.8840     90.373    8.72386    8.70608 1.7518e+01     2.3141     1.4476    69.6353   997.7978  0.000e+00
      2.583    22.1564    22.1617     95.610  90.182337      3.675     7.8942     90.584    8.71478    8.69696 1.7526e+01     2.3183     1.4508    69.5790   997.7852  0.000e+00
      2.586    22.1887    22.1940     95.771  90.395990      3.678     7.9186     90.920    8.70938    8.69153 1.7231e+01     2.1911     1.4649    69.3347   997.7779  0.000e+00
      2.585    22.1986    22.2039     95.686  90.334941      3.676     7.9328     91.101    8.70772    8.68987 1.7442e+01     2.2335     1.4623    69.3806   997.7756  0.000e+00
      2.589    22.2127    22.2181     95.754  90.426506      3.682     7.9425     91.237    8.70536    8.68750 1.7450e+01     2.3014     1.4679    69.2829   997.7724  0.000e+00
      2.588    22.2319    22.2372     95.618  90.334931      3.681     7.9550     91.414    8.70216    8.68429 1.7606e+01     2.1911     1.4696    69.2533   997.7680  0.000e+00
      2.594    22.2412    22.2466     95.535  90.273882      3.690     7.9625     91.517    8.70060    8.68272 1.7291e+01     2.0406     1.4734    69.1866   997.7658  0.000e+00
      2.596    22.2477    22.2530     95.780  90.518066      3.692     7.9656     91.564    8.69952    8.68163 1.7558e+01     2.1042     1.4788    69.0934   997.7644  0.000e+00
      2.591    22.2592    22.2645     95.757  90.518063      3.686     7.9582     91.499    8.69760    8.67971 1.7773e+01     2.2229     1.4918    68.8698   997.7618  0.000e+00
      2.589    22.2963    22.3017     96.037  90.853813      3.682     7.9416     91.373    8.69140    8.67348 1.7570e+01     2.2611     1.4936    68.8387   997.7533  0.000e+00
      2.592    22.3664    22.3718     95.959  90.914841      3.687     7.9267     91.324    8.67974    8.66178 1.7490e+01     2.2081     1.4914    68.8772   997.7372  0.000e+00
      2.614    22.4273    22.4327     95.675  90.762203      3.718     7.9144     91.289    8.66964    8.65163 1.7310e+01     2.2102     1.4868    68.9557   997.7231  0.000e+00
      2.636    22.4360    22.4414     95.754  90.853772      3.750     7.9242     91.417    8.66819    8.65017 1.7164e+01     2.2017     1.4696    69.2533   997.7212  0.000e+00
      2.656    22.4304    22.4358     95.765  90.853774      3.778     7.9395     91.584    8.66912    8.65112 1.7117e+01     2.2526     1.4994    68.7395   997.7226  0.000e+00
      2.658    22.4382    22.4436     95.556  90.670629      3.781     7.9530     91.753    8.66783    8.64982 1.6942e+01     2.1636     1.4827    69.0267   997.7208  0.000e+00
      2.664    22.4332    22.4386     95.566  90.670630      3.789     7.9708     91.949    8.66866    8.65065 1.7008e+01     2.2145     1.4789    69.0919   997.7219  0.000e+00
      2.667    22.4038    22.4092     95.626  90.670639      3.793     7.9927     92.151    8.67353    8.65554 1.7188e+01     2.1975     1.4767    69.1304   997.7288  0.000e+00
      2.676    22.3819    22.3872     95.573  90.579075      3.806     7.9967     92.157    8.67718    8.65921 1.7168e+01     2.1954     1.4656    69.3229   997.7339  0.000e+00
      2.686    22.3686    22.3740     95.600  90.579079      3.820     7.9948     92.113    8.67938    8.66141 1.7227e+01     2.4010     1.4742    69.1733   997.7370  0.000e+00
      2.694    22.3645    22.3699     95.705  90.670651      3.832     7.9772     91.902    8.68006    8.66210 1.7035e+01     2.3862     1.4792    69.0874   997.7380  0.000e+00
      2.697    22.3614    22.3668     95.615  90.579081      3.836     7.9540     91.630    8.68057    8.66261 1.7113e+01     2.3162     1.4885    68.9275   997.7387  0.000e+00
      2.696    22.3586    22.3640     95.588  90.548558      3.834     7.9362     91.419    8.68104    8.66308 1.7184e+01     2.3438     1.5046    68.6492   997.7393  0.000e+00
      2.696    22.3561    22.3614     95.722  90.670653      3.834     7.9182     91.208    8.68146    8.66351 1.6818e+01     2.3629     1.5061    68.6240   997.7399  0.000e+00
      2.716    22.3557    22.3611     95.723  90.670654      3.864     7.9141     91.161    8.68152    8.66357 1.7145e+01     2.4095     1.5138    68.4922   997.7401  0.000e+00
      2.760    22.3620    22.3673     95.549  90.518034      3.926     7.9237     91.281    8.68049    8.66253 1.6657e+01     2.6512     1.5133    68.5011   997.7388  0.000e+00
      2.803    22.3692    22.3746     95.534  90.518032      3.987     7.9391     91.472    8.67928    8.66132 1.6508e+01     2.5918     1.4900    68.9009   997.7373  0.000e+00
      2.844    22.3497    22.3550     95.638  90.579086      4.045     7.9578     91.654    8.68253    8.66458 1.6101e+01     2.5155     1.4857    68.9749   997.7421  0.000e+00
      2.901    22.3364    22.3418     95.504  90.426473      4.126     7.9665     91.730    8.68474    8.66679 1.5834e+01     2.4689     1.4810    69.0564   997.7453  0.000e+00
      2.956    22.3161    22.3215     95.287  90.182294      4.204     7.9770     91.815    8.68812    8.67019 1.5701e+01     2.3904     1.4634    69.3614   997.7502  0.000e+00
      3.000    22.2593    22.2646     94.885  89.693949      4.267     7.9823     91.775    8.69760    8.67971 1.5856e+01     2.3332     1.4600    69.4191   997.7633  0.000e+00
      3.037    22.1154    22.1207     94.819  89.358249      4.320     8.0000     91.725    8.72167    8.70388 1.5310e+01     2.3183     1.4646    69.3392   997.7963  0.000e+00
      3.075    21.9447    21.9499     95.163  89.358299      4.373     7.9988     91.411    8.75037    8.73270 1.5111e+01     2.2441     1.4652    69.3288   997.8354  0.000e+00
      3.133    21.8341    21.8394     95.225  89.205723      4.456     7.9714     90.904    8.76905    8.75145 1.4695e+01     2.1551     1.4820    69.0386   997.8607  0.000e+00
      3.195    21.7634    21.7686     95.173  89.022616      4.545     7.9344     90.359    8.78103    8.76349 1.4782e+01     2.1339     1.4806    69.0638   997.8768  0.000e+00
      3.254    21.7078    21.7130     95.221  88.961590      4.628     7.8855     89.706    8.79048    8.77297 1.4371e+01     2.1509     1.4607    69.4073   997.8896  0.000e+00
      3.300    21.6667    21.6719     95.371  89.022644      4.693     7.8366     89.078    8.79747    8.77999 1.4434e+01     2.1212     1.4767    69.1304   997.8990  0.000e+00
      3.353    21.6408    21.6459     95.358  88.961610      4.768     7.7841     88.437    8.80189    8.78443 1.3931e+01     2.0300     1.4806    69.0623   997.9051  0.000e+00
      3.408    21.6215    21.6267     95.398  88.961616      4.847     7.7292     87.780    8.80518    8.78773 1.3857e+01     2.0004     1.4686    69.2710   997.9096  0.000e+00
      3.458    21.5998    21.6050     95.344  88.870059      4.918     7.6881     87.277    8.80888    8.79145 1.3822e+01     2.0576     1.4776    69.1141   997.9147  0.000e+00
      3.501    21.5805    21.5857     95.384  88.870065      4.979     7.6511     86.824    8.81218    8.79476 1.3596e+01     2.1063     1.4756    69.1496   997.9192  0.000e+00
      3.544    21.5645    21.5697     95.318  88.778507      5.040     7.6266     86.520    8.81491    8.79750 1.3328e+01     2.0364     1.4836    69.0119   997.9229  0.000e+00
      3.588    21.5500    21.5552     95.446  88.870075      5.103     7.6077     86.281    8.81738    8.79999 1.3083e+01     2.0936     1.4815    69.0475   997.9264  0.000e+00
      3.646    21.5382    21.5434     95.273  88.686953      5.186     7.5813     85.961    8.81940    8.80202 1.2789e+01     2.0618     1.4794    69.0830   997.9292  0.000e+00
      3.705    21.5208    21.5260     95.407  88.778521      5.270     7.5822     85.943    8.82237    8.80500 1.2740e+01     1.9516     1.4794    69.0845   997.9333  0.000e+00
      3.761    21.4990    21.5041     95.354  88.686965      5.350     7.5726     85.798    8.82612    8.80876 1.2397e+01     1.9240     1.4857    68.9749   997.9384  0.000e+00
      3.792    21.4779    21.4830     95.331  88.625930      5.394     7.5683     85.713    8.82973    8.81239 1.2388e+01     1.7990     1.5074    68.6018   997.9432  0.000e+00
      3.827    21.4589    21.4640     95.370  88.625936      5.444     7.5691     85.692    8.83299    8.81566 1.2335e+01     1.8223     1.4800    69.0726   997.9476  0.000e+00
      3.870    21.4455    21.4507     95.299  88.534378      5.505     7.5650     85.622    8.83528    8.81796 1.2191e+01     1.9770     1.4988    68.7499   997.9507  0.000e+00
      3.921    21.4330    21.4381     95.226  88.442821      5.576     7.5604     85.550    8.83743    8.82012 1.1921e+01     2.0576     1.4959    68.8002   997.9537  0.000e+00
      3.972    21.4190    21.4241     95.189  88.381784      5.650     7.5566     85.484    8.83984    8.82254 1.1785e+01     2.2335     1.4788    69.0934   997.9570  0.000e+00
      4.024    21.4043    21.4094     95.220  88.381789      5.723     7.5654     85.558    8.84237    8.82508 1.1489e+01     2.2675     1.4959    68.7987   997.9605  0.000e+00
      4.067    21.3894    21.3945     95.250  88.381794      5.784     7.5683     85.567    8.84493    8.82765 1.1547e+01     2.3904     1.5027    68.6832   997.9640  0.000e+00
      4.111    21.3758    21.3809     95.344  88.442839      5.847     7.5700     85.564    8.84726    8.82999 1.1260e+01     2.3692     1.5131    68.5041   997.9672  0.000e+00
      4.150    21.3635    21.3686     95.304  88.381802      5.903     7.5730     85.577    8.84938    8.83212 1.1078e+01     2.6278     1.5101    68.5559   997.9701  0.000e+00
      4.194    21.3518    21.3569     95.328  88.381805      5.966     7.5743     85.572    8.85139    8.83414 1.0882e+01     2.7232     1.5119    68.5248   997.9729  0.000e+00
      4.246    21.3401    21.3453     95.351  88.381809      6.039     7.5770     85.583    8.85340    8.83615 1.0775e+01     2.6660     1.5162    68.4508   997.9757  0.000e+00
      4.300    21.3276    21.3327     95.377  88.381813      6.116     7.5767     85.558    8.85556    8.83833 1.0276e+01     2.6766     1.5477    67.9148   997.9787  0.000e+00
      4.350    21.3129    21.3180     95.309  88.290257      6.187     7.5764     85.530    8.85809    8.84087 1.0399e+01     2.8462     1.5611    67.6868   997.9822  0.000e+00
      4.399    21.2967    21.3018     95.342  88.290262      6.256     7.5760     85.500    8.86088    8.84367 1.0226e+01     3.1154     1.5689    67.5550   997.9859  0.000e+00
      4.437    21.2800    21.2852     95.376  88.290267      6.311     7.5835     85.556    8.86376    8.84656 1.0166e+01     3.2045     1.5496    67.8822   997.9898  0.000e+00
