data/ctd_cnv_files/2024.02.24 Okaro 1 143.cnv
* Sea-Bird SBE19plus Data File:
* FileName = C:\Users\instrument\Desktop\Iola Rosa. CTD Casts\February 2024\Feb143.hex
* Software Version 1.59
* Temperature SN =  4268
* Conductivity SN =  4268
* System UpLoad Time = Feb 26 2024 13:59:39
* ds
* SeacatPlus V 1.6  SERIAL NO. 4268    26 Feb 2024  13:53:56
# nquan = 16
# nvalues = 760                                   
# units = specified
# name 0 = depFM: Depth [fresh water, m]
# name 1 = tv290C: Temperature [ITS-90, deg C]
# name 2 = tv268C: Temperature [IPTS-68, deg C]
# name 3 = specc: Specific Conductance [uS/cm]
# name 4 = c0uS/cm: Conductivity [uS/cm]
# name 5 = prdE: Pressure, Strain Gauge [psi]
# name 6 = sbeox0Mg/L: Oxygen, SBE 43 [mg/l]
# name 7 = sbeox0PS: Oxygen, SBE 43 [% saturation]
# name 8 = oxsolMg/L: Oxygen Saturation, Garcia & Gordon [mg/l]
# name 9 = oxsatMg/L: Oxygen Saturation, Weiss [mg/l]
# name 10 = par: PAR/Irradiance, Biospherical/Licor
# name 11 = flCM: Fluorescence, Chelsea Mini Chl Con [ug/l]
# name 12 = bat: Beam Attenuation, Chelsea/Seatech [1/m]
# name 13 = xmiss: Beam Transmission, Chelsea/Seatech [%]
# name 14 = density00: Density [density, kg/m^3]
# name 15 = flag:  0.000e+00
# span 0 =     -0.634,     15.134                 
# span 1 =     9.8450,    22.7236                 
# span 2 =     9.8473,    22.7290                 
# span 3 =     -2.299,    295.656                 
# span 4 =  -2.029214, 277.048872                 
# span 5 =     -0.902,     21.525                 
# span 6 =    -0.6501,     9.4426                 
# span 7 =     -6.296,    109.402                 
# span 8 =    8.62070,   11.32593                 
# span 9 =    8.60250,   11.31485                 
# span 10 = 8.8294e-02, 6.2143e+02                
# span 11 =    -0.3612,    38.7382                
# span 12 =     1.4383,    11.1441                
# span 13 =     6.1666,    69.7981                
# span 14 =   997.6445,   999.8249                
# span 15 = 0.0000e+00, 0.0000e+00                
# interval = seconds: 0.25
# start_time = Feb 22 2024 09:31:04 [Instrument's time stamp, header]
# bad_flag = -9.990e-29
*END*
     -0.632    19.1234    19.1280     -2.127  -1.877298     -0.899     8.2812     89.495    9.25325    9.23765 6.8766e+01     3.0603     1.4968    68.7839   998.3793  0.000e+00
     -0.632    19.1236    19.1282     -2.127  -1.877298     -0.899     8.2816     89.500    9.25320    9.23761 7.0586e+01     0.8471     1.5486    67.8985   998.3793  0.000e+00
     -0.633    19.1235    19.1281     -2.127  -1.877298     -0.900     8.2848     89.534    9.25323    9.23764 8.2980e+01    -0.1259     1.5294    68.2257   998.3793  0.000e+00
     -0.633    19.1232    19.1278     -2.024  -1.786147     -0.900     8.2885     89.574    9.25329    9.23769 1.0022e+02    -0.3612     1.4852    68.9838   998.3794  0.000e+00
     -0.632    19.1232    19.1278     -2.127  -1.877298     -0.899     8.2871     89.558    9.25329    9.23769 1.2684e+02    -0.3612     1.4502    69.5894   998.3794  0.000e+00
     -0.632    19.1231    19.1277     -2.127  -1.877298     -0.899     8.2942     89.635    9.25330    9.23771 1.4326e+02    -0.3612     1.4383    69.7981   998.3794  0.000e+00
     -0.633    19.1232    19.1278     -2.127  -1.877298     -0.900     8.2960     89.654    9.25329    9.23769 1.2247e+02    -0.3612     1.4398    69.7715   998.3794  0.000e+00
     -0.634    19.1232    19.1278     -2.127  -1.877298     -0.902     8.3011     89.710    9.25328    9.23768 2.3880e+02    -0.3612     1.4478    69.6323   998.3794  0.000e+00
     -0.634    19.1234    19.1280     -2.127  -1.877298     -0.902     8.3028     89.728    9.25325    9.23765 3.6436e+02    -0.3612     1.4563    69.4843   998.3793  0.000e+00
     -0.632    19.1237    19.1283     -2.299  -2.029214     -0.899     8.3097     89.803    9.25319    9.23759 4.6784e+02    -0.3612     1.4583    69.4487   998.3793  0.000e+00
     -0.528    19.1994    19.2041    122.974 108.719335     -0.750     8.2949     89.813    9.23576    9.22010 6.2143e+02    -0.3612     1.4588    69.4413   998.4115  0.000e+00
     -0.335    20.0435    20.0483    173.393 156.220984     -0.477     8.1526     89.787    9.08000    9.06371 5.6106e+02     0.7115     7.8613    14.0110   998.2594  0.000e+00
     -0.201    21.0814    21.0865    151.918 140.027345     -0.286     8.0076     90.005    8.89682    8.87977 5.5340e+02     4.5336    11.1441     6.1666   998.0321  0.000e+00
     -0.099    21.7838    21.7890    128.524 120.270053     -0.141     7.9598     90.691    8.77681    8.75925 3.9002e+02     5.1187     6.3144    20.6265   997.8690  0.000e+00
     -0.046    22.1842    22.1895    122.705 115.807380     -0.066     8.0024     91.881    8.70952    8.69168 2.8429e+02     4.0355     2.9590    47.7235   997.7765  0.000e+00
     -0.017    22.3995    22.4049    119.891 113.668088     -0.024     8.1087     93.486    8.67370    8.65572 2.5224e+02     3.6454     2.8763    48.7199   997.7261  0.000e+00
      0.007    22.5105    22.5159    124.563 118.374611      0.011     8.2465     95.278    8.65520    8.63713 1.4431e+02     3.0857     2.1584    58.2981   997.7022  0.000e+00
      0.009    22.5556    22.5610    144.602 137.548357      0.012     8.3906     97.032    8.64730    8.62921 1.3298e+02     2.7890     1.8833    62.4483   997.6987  0.000e+00
      0.007    22.5686    22.5740    141.251 134.397345      0.011     8.5163     98.509    8.64522    8.62712 2.7537e+02     3.3338     1.8722    62.6215   997.6945  0.000e+00
      0.009    22.5659    22.5713    139.426 132.653797      0.012     8.6072     99.555    8.64571    8.62761 2.1798e+02     3.4355     1.8069    63.6535   997.6945  0.000e+00
      0.010    22.5499    22.5553    139.763 132.929091      0.014     8.6695    100.244    8.64835    8.63026 1.7227e+02     3.1218     1.7925    63.8830   997.6983  0.000e+00
      0.006    22.5261    22.5315    139.382 132.500878      0.009     8.6908    100.445    8.65229    8.63421 3.1015e+02     3.0879     1.8016    63.7379   997.7037  0.000e+00
      0.005    22.5062    22.5116    137.284 130.451659      0.007     8.6812    100.296    8.65563    8.63757 8.6851e+01     2.6893     1.8287    63.3071   997.7076  0.000e+00
     -0.001    22.4979    22.5033    137.726 130.849258     -0.002     8.6467     99.882    8.65698    8.63893 1.2349e+02     2.4646     1.7965    63.8194   997.7096  0.000e+00
     -0.013    22.4926    22.4980    138.708 131.766817     -0.019     8.6048     99.387    8.65784    8.63979 1.6343e+02     2.5028     1.8004    63.7557   997.7111  0.000e+00
     -0.024    22.4891    22.4945    140.876 133.816180     -0.035     8.5673     98.949    8.65837    8.64032 9.7127e+01     2.3120     3.5048    41.6366   997.7127  0.000e+00
     -0.032    22.4960    22.5014    137.313 130.451663     -0.046     8.5210     98.426    8.65730    8.63925 1.6242e+02     2.1169     2.0286    60.2214   997.7098  0.000e+00
     -0.024    22.5065    22.5119    134.129 127.454655     -0.035     8.4865     98.045    8.65564    8.63758 3.4250e+02     2.2844     1.8134    63.5499   997.7063  0.000e+00
     -0.006    22.5275    22.5329    131.368 124.886139     -0.008     8.5923     99.307    8.65223    8.63416 6.4552e+01     2.1509     1.9003    62.1833   997.7005  0.000e+00
      0.012    22.5502    22.5556    129.409 123.082256      0.017     8.6885    100.462    8.64853    8.63044 8.7551e+01     2.0237     1.8301    63.2849   997.6946  0.000e+00
      0.022    22.5671    22.5725    127.628 121.431386      0.031     8.6735    100.321    8.64578    8.62768 1.7797e+02     2.0110     1.8259    63.3515   997.6902  0.000e+00
      0.020    22.5770    22.5824    130.878 124.549792      0.028     8.5551     98.971    8.64408    8.62597 2.6208e+02     2.0682     1.8568    62.8644   997.6890  0.000e+00
      0.016    22.5837    22.5891    129.992 123.724281      0.023     8.3583     96.706    8.64299    8.62488 2.8383e+02     1.8583     1.8052    63.6802   997.6871  0.000e+00
      0.006    22.5894    22.5948    128.242 122.073363      0.009     8.1143     93.893    8.64209    8.62398 2.0086e+02     1.9580     1.7976    63.8016   997.6851  0.000e+00
      0.001    22.5911    22.5965    126.761 120.667134      0.001     7.8401     90.722    8.64184    8.62373 2.7842e+02     1.9304     1.7994    63.7720   997.6842  0.000e+00
      0.001    22.5920    22.5974    126.597 120.514288      0.001     7.5591     87.473    8.64169    8.62357 1.1715e+02     2.0979     1.7788    64.1022   997.6839  0.000e+00
      0.002    22.5968    22.6023    124.241 118.282880      0.003     7.2779     84.226    8.64095    8.62283 1.3469e+02     2.5282     1.7978    63.7986   997.6820  0.000e+00
      0.007    22.6040    22.6094    123.709 117.793835      0.011     7.0654     81.777    8.63978    8.62166 9.8358e+01     2.2251     1.7996    63.7690   997.6801  0.000e+00
      0.014    22.6077    22.6131    126.138 120.116891      0.020     6.9422     80.357    8.63912    8.62099 1.1844e+02     2.2781     1.7724    64.2043   997.6801  0.000e+00
      0.016    22.6049    22.6104    125.600 119.597237      0.023     6.8757     79.584    8.63958    8.62146 7.3845e+01     2.4010     1.7849    64.0044   997.6806  0.000e+00
      0.016    22.6006    22.6061    131.359 125.069564      0.023     6.8345     79.101    8.64016    8.62204 1.5762e+02     2.5664     1.7786    64.1051   997.6836  0.000e+00
      0.014    22.5986    22.6040    135.251 128.769574      0.020     6.8127     78.847    8.64041    8.62229 1.7478e+02     2.5621     1.7784    64.1081   997.6854  0.000e+00
      0.012    22.5988    22.6043    125.295 119.291567      0.017     6.7979     78.675    8.64060    8.62248 1.4231e+02     2.5430     1.7699    64.2443   997.6819  0.000e+00
      0.009    22.5984    22.6038    120.930 115.134877      0.012     6.7720     78.373    8.64077    8.62265 1.6168e+02     2.4773     1.7805    64.0740   997.6805  0.000e+00
      0.010    22.5965    22.6019    119.747 114.004162      0.014     6.7412     78.014    8.64111    8.62299 1.7004e+02     2.5112     1.7894    63.9319   997.6805  0.000e+00
      0.006    22.5951    22.6005    118.948 113.240201      0.009     6.6785     77.285    8.64135    8.62323 1.1144e+02     2.5600     1.7751    64.1614   997.6805  0.000e+00
      0.010    22.5936    22.5990    118.888 113.179086      0.014     6.6107     76.499    8.64161    8.62349 1.4521e+02     2.5664     1.8035    63.7068   997.6809  0.000e+00
      0.013    22.5914    22.5968    120.691 114.890395      0.018     6.5330     75.597    8.64192    8.62381 9.7015e+01     2.5515     1.8113    63.5825   997.6820  0.000e+00
      0.010    22.5902    22.5956    122.524 116.632413      0.014     6.4499     74.634    8.64208    8.62397 1.7168e+02     2.5960     1.7967    63.8149   997.6829  0.000e+00
      0.012    22.5900    22.5955    122.846 116.938045      0.017     6.3750     73.767    8.64210    8.62399 1.7558e+02     2.5812     1.7993    63.7735   997.6831  0.000e+00
      0.011    22.5902    22.5956    122.011 116.143410      0.015     6.3112     73.028    8.64209    8.62398 1.8942e+02     2.6490     1.8215    63.4211   997.6828  0.000e+00
      0.011    22.5905    22.5959    120.533 114.737594      0.015     6.2693     72.543    8.64208    8.62397 1.6501e+02     2.7254     1.8015    63.7394   997.6822  0.000e+00
      0.007    22.5895    22.5950    119.925 114.156960      0.011     6.2550     72.376    8.64225    8.62414 1.9103e+02     2.7084     1.7996    63.7690   997.6822  0.000e+00
      0.012    22.5875    22.5929    120.188 114.401437      0.017     6.2621     72.456    8.64259    8.62448 7.8109e+01     2.6660     1.7934    63.8682   997.6828  0.000e+00
      0.012    22.5857    22.5912    120.449 114.645916      0.017     6.2857     72.727    8.64287    8.62475 8.1791e+01     2.6172     1.8016    63.7379   997.6833  0.000e+00
      0.012    22.5853    22.5907    123.564 117.610455      0.017     6.3227     73.155    8.64287    8.62476 9.1195e+01     2.6384     1.7923    63.8860   997.6845  0.000e+00
      0.015    22.5858    22.5913    123.049 117.121429      0.021     6.3733     73.741    8.64279    8.62468 8.8763e+01     2.6469     1.8088    63.6224   997.6842  0.000e+00
      0.011    22.5863    22.5917    126.613 120.514291      0.015     6.4383     74.494    8.64264    8.62453 1.8795e+02     2.7126     1.7867    63.9748   997.6853  0.000e+00
      0.012    22.5871    22.5925    131.653 125.314177      0.017     6.5101     75.328    8.64238    8.62427 2.0091e+02     2.7360     1.7797    64.0874   997.6868  0.000e+00
      0.012    22.5891    22.5945    130.170 123.907722      0.017     6.5854     76.201    8.64209    8.62398 1.7949e+02     2.7784     1.7939    63.8593   997.6859  0.000e+00
      0.011    22.5917    22.5971    125.314 119.291570      0.015     6.6611     77.080    8.64178    8.62366 1.6339e+02     2.7741     1.7663    64.3021   997.6836  0.000e+00
      0.012    22.5941    22.5995    122.964 117.060298      0.017     6.7230     77.800    8.64143    8.62331 1.0006e+02     2.7338     1.7624    64.3642   997.6822  0.000e+00
      0.011    22.5954    22.6008    121.901 116.051722      0.015     6.7849     78.518    8.64124    8.62313 1.2839e+02     2.7508     1.7714    64.2206   997.6815  0.000e+00
      0.012    22.5952    22.6006    121.035 115.226561      0.017     6.8128     78.840    8.64129    8.62317 1.4011e+02     2.7550     1.7803    64.0770   997.6813  0.000e+00
      0.013    22.5944    22.5999    121.422 115.593295      0.018     6.8094     78.800    8.64141    8.62329 7.8504e+01     2.7699     1.8027    63.7202   997.6816  0.000e+00
      0.011    22.5931    22.5985    122.100 116.235096      0.015     6.7860     78.527    8.64162    8.62351 7.3845e+01     2.8462     1.7919    63.8919   997.6821  0.000e+00
      0.014    22.5917    22.5971    122.007 116.143410      0.020     6.7442     78.042    8.64185    8.62374 8.9724e+01     2.8271     1.7851    64.0015   997.6824  0.000e+00
      0.015    22.5904    22.5958    121.496 115.654420      0.021     6.7056     77.592    8.64208    8.62396 2.0741e+02     2.8398     1.8060    63.6669   997.6826  0.000e+00
      0.014    22.5871    22.5925    121.408 115.562737      0.020     6.6601     77.061    8.64262    8.62450 2.1456e+02     2.8377     1.7957    63.8312   997.6833  0.000e+00
      0.014    22.5833    22.5888    122.381 116.479601      0.020     6.6202     76.595    8.64322    8.62511 1.3816e+02     2.8080     1.7945    63.8505   997.6845  0.000e+00
      0.014    22.5816    22.5870    123.317 117.365942      0.020     6.5933     76.280    8.64348    8.62537 8.6971e+01     2.8292     1.7890    63.9378   997.6852  0.000e+00
      0.016    22.5814    22.5869    123.061 117.121430      0.023     6.5705     76.017    8.64352    8.62541 7.7752e+01     2.8759     1.7769    64.1318   997.6852  0.000e+00
      0.016    22.5819    22.5873    122.128 116.235101      0.023     6.5431     75.700    8.64347    8.62536 8.3763e+01     2.8568     1.7696    64.2487   997.6848  0.000e+00
      0.018    22.5804    22.5858    120.719 114.890400      0.026     6.5181     75.409    8.64374    8.62563 8.6772e+01     2.7805     1.7947    63.8475   997.6846  0.000e+00
      0.017    22.5775    22.5829    120.470 114.645919      0.025     6.4944     75.130    8.64423    8.62612 1.6984e+02     2.7572     1.8211    63.4270   997.6852  0.000e+00
      0.016    22.5750    22.5804    123.945 117.946671      0.023     6.4654     74.791    8.64456    8.62646 1.5423e+02     2.7169     1.8050    63.6831   997.6870  0.000e+00
      0.014    22.5741    22.5795    124.300 118.282889      0.020     6.4307     74.389    8.64470    8.62659 7.6673e+01     2.6766     1.7790    64.0977   997.6873  0.000e+00
      0.016    22.5753    22.5808    125.518 119.444412      0.023     6.3968     73.998    8.64447    8.62636 7.0150e+01     2.6936     1.7829    64.0355   997.6875  0.000e+00
      0.019    22.5760    22.5814    125.259 119.199875      0.028     6.3695     73.684    8.64436    8.62626 8.6712e+01     2.7317     1.7851    64.0015   997.6872  0.000e+00
      0.024    22.5751    22.5805    125.197 119.138742      0.034     6.3622     73.598    8.64452    8.62641 9.0301e+01     2.7911     1.7869    63.9719   997.6875  0.000e+00
      0.024    22.5715    22.5770    128.387 122.165085      0.034     6.3641     73.616    8.64503    8.62693 1.6860e+02     2.7572     1.7899    63.9245   997.6894  0.000e+00
      0.024    22.5589    22.5643    135.814 129.197735      0.034     6.3745     73.720    8.64695    8.62885 2.1378e+02     2.7423     1.7736    64.1851   997.6949  0.000e+00
      0.022    22.5419    22.5473    127.502 121.247975      0.031     6.3743     73.692    8.64995    8.63186 8.3552e+01     2.7444     1.7539    64.5019   997.6960  0.000e+00
      0.033    22.5393    22.5447    122.559 116.540743      0.046     6.3649     73.579    8.65048    8.63240 1.6497e+02     2.7423     1.7966    63.8164   997.6949  0.000e+00
      0.084    22.5470    22.5524    123.150 117.121444      0.120     6.3591     73.523    8.64921    8.63112 1.7490e+02     2.7741     1.7620    64.3716   997.6936  0.000e+00
      0.116    22.5512    22.5566    153.495 145.994251      0.165     6.3960     73.961    8.64782    8.62973 1.6596e+02     2.7699     1.7714    64.2206   997.7033  0.000e+00
      0.121    22.5523    22.5577    183.311 174.356579      0.171     6.4815     74.957    8.64694    8.62885 1.6973e+02     2.7656     1.7724    64.2043   997.7136  0.000e+00
      0.104    22.5111    22.5165    202.055 192.018846      0.148     6.5794     76.033    8.65330    8.63524 1.0361e+02     2.8250     1.7914    63.9008   997.7297  0.000e+00
      0.081    22.4323    22.4377    179.898 170.678944      0.115     6.7253     77.598    8.66687    8.64886 1.6907e+02     2.8992     1.8077    63.6402   997.7400  0.000e+00
      0.063    22.3714    22.3767    161.961 153.463933      0.090     6.9024     79.544    8.67741    8.65944 1.7370e+02     2.9077     1.8200    63.4448   997.7477  0.000e+00
