data/ctd_cnv_files/2024.03.21 Okaro 1 0001.cnv
* Sea-Bird SBE19plus  Data File:
* FileName = C:\Users\dcastle\Documents\CTD\SBE19plus_01908200_2024_03_27_0001.hex
* Software version 2.8.0.119
* Temperature SN = 8200
* Conductivity SN = 8200
* System UpLoad Time = Mar 27 2024 14:46:47
* <ApplicationData>
* <Seaterm232>
# nquan = 16
# nvalues = 791                                   
# units = specified
# name 0 = depFM: Depth [fresh water, m]
# name 1 = tv290C: Temperature [ITS-90, deg C]
# name 2 = tv268C: Temperature [IPTS-68, deg C]
# name 3 = specc: Specific Conductance [uS/cm]
# name 4 = c0uS/cm: Conductivity [uS/cm]
# name 5 = prdE: Pressure, Strain Gauge [psi]
# name 6 = sbeox0Mg/L: Oxygen, SBE 43 [mg/l]
# name 7 = sbeox0PS: Oxygen, SBE 43 [% saturation]
# name 8 = oxsolMg/L: Oxygen Saturation, Garcia & Gordon [mg/l]
# name 9 = oxsatMg/L: Oxygen Saturation, Weiss [mg/l]
# name 10 = par/sat/log: PAR/Logarithmic, Satlantic [umol photons/m^2/sec]
# name 11 = flCM: Fluorescence, Chelsea Mini Chl Con [ug/l]
# name 12 = CStarAt0: Beam Attenuation, WET Labs C-Star [1/m]
# name 13 = CStarTr0: Beam Transmission, WET Labs C-Star [%]
# name 14 = density00: Density [density, kg/m^3]
# name 15 = flag:  0.000e+00
# span 0 =     -0.510,     14.799                 
# span 1 =     9.9438,    17.7499                 
# span 2 =     9.9462,    17.7542                 
# span 3 =      0.457,    185.469                 
# span 4 =   0.349403, 129.658347                 
# span 5 =     -0.726,     21.049                 
# span 6 =    -0.8827,    10.2119                 
# span 7 =     -8.326,    104.694                 
# span 8 =    9.51308,   11.29757                 
# span 9 =    9.49850,   11.28650                 
# span 10 = 1.1263e-01, 2.3380e+03                
# span 11 =    -0.3612,    29.3449                
# span 12 =     1.3949,    13.3860                
# span 13 =     3.5208,    70.5592                
# span 14 =   998.6846,   999.8438                
# span 15 = 0.0000e+00, 0.0000e+00                
# interval = seconds: 0.25
# start_time = Mar 21 2024 09:13:32 [Instrument's time stamp, header]
# bad_flag = -9.990e-29
*END*
[from data line 724]
     11.660    10.0492    10.0516    106.495  74.656157     16.584     0.1758      1.560   11.27141   11.26033 1.2365e-01     4.1415     3.3249    43.5510   999.7917  0.000e+00
     11.737    10.0479    10.0504    106.626  74.745277     16.694     0.1618      1.436   11.27175   11.26066 1.1285e-01     4.0164     3.3789    42.9677   999.7922  0.000e+00
     11.809    10.0439    10.0463    106.596  74.715572     16.796     0.1684      1.494   11.27283   11.26175 1.1272e-01     4.1309     3.4106    42.6286   999.7929  0.000e+00
     11.860    10.0390    10.0415    106.653  74.745280     16.868     0.1561      1.385   11.27411   11.26303 1.1454e-01     4.1542     3.3898    42.8507   999.7936  0.000e+00
     11.914    10.0350    10.0374    106.622  74.715575     16.946     0.1537      1.363   11.27518   11.26409 1.5548e-01     4.0058     3.3786    42.9706   999.7942  0.000e+00
     11.987    10.0309    10.0334    106.762  74.804697     17.049     0.1456      1.291   11.27626   11.26517 1.1300e-01     4.0651     3.3690    43.0743   999.7949  0.000e+00
     12.047    10.0271    10.0295    106.859  74.864111     17.136     0.1464      1.298   11.27727   11.26618 1.1280e-01     3.9697     3.3988    42.7545   999.7956  0.000e+00
     12.089    10.0239    10.0263    107.038  74.982940     17.194     0.1380      1.224   11.27811   11.26703 1.1295e-01     4.0376     3.3741    43.0195   999.7961  0.000e+00
     12.128    10.0215    10.0239    107.130  75.042355     17.250     0.1402      1.243   11.27877   11.26769 1.1280e-01     3.9316     3.3748    43.0121   999.7966  0.000e+00
     12.195    10.0188    10.0212    107.138  75.042356     17.346     0.1445      1.281   11.27946   11.26838 1.1277e-01     3.7917     3.3902    42.8463   999.7971  0.000e+00
     12.282    10.0166    10.0190    107.145  75.042357     17.469     0.1487      1.318   11.28006   11.26898 1.1282e-01     3.8531     3.3872    42.8788   999.7977  0.000e+00
     12.361    10.0139    10.0163    107.366  75.190894     17.582     0.1450      1.285   11.28077   11.26969 1.1300e-01     3.8277     3.4074    42.6627   999.7984  0.000e+00
     12.446    10.0102    10.0126    107.335  75.161188     17.703     0.1461      1.295   11.28176   11.27068 1.1275e-01     3.8319     3.3861    42.8907   999.7991  0.000e+00
     12.529    10.0054    10.0078    107.264  75.101775     17.820     0.1448      1.283   11.28303   11.27195 1.1302e-01     3.8680     3.3364    43.4267   999.7999  0.000e+00
     12.604    10.0013    10.0037    107.362  75.161191     17.927     0.1498      1.327   11.28413   11.27305 1.1282e-01     3.8298     3.3339    43.4533   999.8007  0.000e+00
     12.659     9.9979    10.0003    107.372  75.161192     18.005     0.1405      1.245   11.28502   11.27394 1.1290e-01     3.7302     3.3328    43.4652   999.8012  0.000e+00
     12.705     9.9952     9.9976    107.380  75.161193     18.070     0.1457      1.291   11.28573   11.27465 1.1272e-01     3.8425     3.3573    43.2001   999.8017  0.000e+00
     12.737     9.9926     9.9950    107.388  75.161194     18.117     0.1337      1.184   11.28642   11.27534 1.1282e-01     3.7302     3.3492    43.2875   999.8021  0.000e+00
     12.766     9.9905     9.9929    107.395  75.161195     18.157     0.1285      1.138   11.28699   11.27591 1.1309e-01     3.6878     3.3481    43.2993   999.8024  0.000e+00
     12.792     9.9895     9.9919    107.313  75.101781     18.194     0.1411      1.250   11.28726   11.27618 1.1277e-01     3.7429     3.3342    43.4504   999.8026  0.000e+00
     12.832     9.9889     9.9913    107.442  75.190903     18.251     0.1294      1.146   11.28741   11.27633 1.1285e-01     3.6836     3.3373    43.4163   999.8029  0.000e+00
     12.878     9.9875     9.9899    107.532  75.250318     18.318     0.1377      1.220   11.28778   11.27671 1.1300e-01     3.6284     3.3180    43.6266   999.8032  0.000e+00
     12.920     9.9860     9.9884    107.536  75.250319     18.376     0.1308      1.159   11.28818   11.27710 1.1282e-01     3.4928     3.3263    43.5362   999.8036  0.000e+00
     12.974     9.9852     9.9876    107.963  75.547395     18.453     0.1395      1.236   11.28838   11.27730 1.1292e-01     3.4949     3.3771    42.9869   999.8040  0.000e+00
     13.038     9.9850     9.9874    107.879  75.487980     18.545     0.1328      1.176   11.28843   11.27735 1.1302e-01     3.5076     3.3171    43.6369   999.8043  0.000e+00
     13.102     9.9836     9.9860    107.713  75.369150     18.636     0.1235      1.094   11.28881   11.27773 1.1285e-01     3.6030     3.3024    43.7968   999.8047  0.000e+00
     13.144     9.9808     9.9831    107.892  75.487982     18.695     0.1294      1.147   11.28957   11.27849 1.1280e-01     3.7069     3.2784    44.0604   999.8052  0.000e+00
     13.165     9.9781     9.9805    107.815  75.428567     18.725     0.1204      1.066   11.29028   11.27920 1.1280e-01     3.7111     3.3007    43.8161   999.8055  0.000e+00
     13.179     9.9776     9.9800    107.817  75.428568     18.746     0.1228      1.088   11.29041   11.27933 1.1309e-01     3.7535     3.3032    43.7879   999.8056  0.000e+00
     13.217     9.9792     9.9816    107.897  75.487983     18.800     0.1221      1.082   11.28998   11.27890 1.1287e-01     3.5818     3.2753    44.0944   999.8057  0.000e+00
     13.253     9.9785     9.9809    107.899  75.487983     18.851     0.1345      1.191   11.29016   11.27908 1.1290e-01     3.5585     3.2926    43.9049   999.8059  0.000e+00
     13.301     9.9767     9.9791    107.905  75.487984     18.919     0.1312      1.162   11.29065   11.27957 1.1287e-01     3.5203    12.1425     4.8045   999.8063  0.000e+00
     13.362     9.9755     9.9779    107.908  75.487985     19.005     0.1324      1.173   11.29096   11.27988 1.1282e-01     3.4928     3.2776    44.0693   999.8067  0.000e+00
     13.404     9.9742     9.9766    107.827  75.428570     19.065     0.1264      1.119   11.29131   11.28023 1.1287e-01     3.4101     3.2823    44.0174   999.8070  0.000e+00
     13.442     9.9727     9.9751    108.002  75.547401     19.119     0.1180      1.045   11.29170   11.28062 1.1282e-01     3.3719     3.2875    43.9612   999.8073  0.000e+00
     13.497     9.9730     9.9754    108.086  75.606817     19.197     0.1251      1.108   11.29162   11.28055 1.1282e-01     3.3698     3.2752    44.0959   999.8076  0.000e+00
     13.563     9.9726     9.9750    107.917  75.487987     19.291     0.1262      1.117   11.29174   11.28066 1.1287e-01     3.6030     3.2677    44.1788   999.8079  0.000e+00
     13.604     9.9714     9.9738    107.921  75.487987     19.350     0.1231      1.090   11.29206   11.28098 1.1267e-01     3.7132     3.2780    44.0648   999.8082  0.000e+00
     13.623     9.9703     9.9727    108.009  75.547403     19.376     0.1183      1.048   11.29234   11.28126 1.1272e-01     3.8086     3.2708    44.1448   999.8084  0.000e+00
     13.653     9.9699     9.9723    108.010  75.547404     19.419     0.1238      1.096   11.29245   11.28137 1.1285e-01     3.8828     3.3073    43.7435   999.8086  0.000e+00
     13.699     9.9705     9.9729    108.008  75.547404     19.484     0.1257      1.113   11.29229   11.28121 1.1282e-01     3.8213     3.2803    44.0396   999.8087  0.000e+00
     13.740     9.9700     9.9724    108.010  75.547404     19.543     0.1248      1.105   11.29243   11.28135 1.1282e-01     3.6624     3.2868    43.9686   999.8090  0.000e+00
     13.774     9.9688     9.9712    108.014  75.547405     19.591     0.1269      1.124   11.29275   11.28167 1.1280e-01     3.7535     3.2783    44.0619   999.8093  0.000e+00
     13.803     9.9678     9.9702    107.932  75.487990     19.632     0.1167      1.033   11.29302   11.28194 1.1295e-01     4.2559     3.2806    44.0367   999.8094  0.000e+00
     13.849     9.9673     9.9697    107.933  75.487990     19.697     0.1181      1.046   11.29314   11.28206 1.1290e-01     4.0673     3.2656    44.2025   999.8097  0.000e+00
     13.903     9.9666     9.9690    108.106  75.606822     19.775     0.1133      1.003   11.29333   11.28225 1.1290e-01     4.0885     3.2751    44.0974   999.8101  0.000e+00
     13.966     9.9655     9.9679    108.024  75.547407     19.864     0.1228      1.087   11.29362   11.28254 1.1292e-01     4.0545     3.2821    44.0204   999.8104  0.000e+00
     14.022     9.9639     9.9663    107.944  75.487992     19.944     0.1170      1.036   11.29405   11.28297 1.1282e-01     3.9295     3.2657    44.2010   999.8108  0.000e+00
     14.080     9.9631     9.9654    107.862  75.428578     20.026     0.1124      0.996   11.29428   11.28320 1.1295e-01     3.7853     3.2370    44.5194   999.8111  0.000e+00
     14.140     9.9618     9.9642    107.950  75.487994     20.111     0.1193      1.056   11.29462   11.28354 1.1290e-01     3.8977     3.2402    44.4838   999.8116  0.000e+00
     14.201     9.9603     9.9627    107.955  75.487994     20.198     0.1180      1.045   11.29501   11.28393 1.1267e-01     4.2474     3.2837    44.0026   999.8120  0.000e+00
     14.252     9.9595     9.9619    108.042  75.547410     20.270     0.1215      1.075   11.29522   11.28414 1.1292e-01     4.0715     3.2363    44.5268   999.8123  0.000e+00
     14.309     9.9589     9.9612    108.129  75.606827     20.352     0.1109      0.982   11.29539   11.28432 1.1272e-01     3.9803     3.2333    44.5608   999.8127  0.000e+00
     14.380     9.9582     9.9606    108.132  75.606827     20.453     0.1143      1.012   11.29557   11.28449 1.1277e-01     3.9040     3.2305    44.5919   999.8131  0.000e+00
     14.444     9.9569     9.9593    108.051  75.547412     20.544     0.1281      1.134   11.29591   11.28483 1.1290e-01     3.7747     3.2069    44.8555   999.8134  0.000e+00
     14.487     9.9555     9.9579    108.182  75.636537     20.606     0.1150      1.018   11.29628   11.28520 1.1263e-01     3.6751     3.1917    45.0257   999.8138  0.000e+00
     14.535     9.9549     9.9573    108.184  75.636537     20.674     0.1068      0.946   11.29644   11.28536 1.1305e-01     3.7111     3.2012    44.9191   999.8141  0.000e+00
     14.583     9.9537     9.9561    108.188  75.636538     20.742     0.1149      1.017   11.29676   11.28568 1.1277e-01     3.5330     3.1889    45.0583   999.8144  0.000e+00
     14.632     9.9522     9.9546    108.150  75.606830     20.811     0.1120      0.991   11.29715   11.28608 1.1277e-01     3.4504     4.5488    32.0717   999.8148  0.000e+00
     14.668     9.9514     9.9538    108.068  75.547415     20.862     0.1175      1.040   11.29739   11.28631 1.1309e-01     4.0694     3.2502    44.3728   999.8150  0.000e+00
     14.705     9.9506     9.9530    108.367  75.755371     20.915     0.1061      0.939   11.29757   11.28650 1.1300e-01     3.9337     3.2945    43.8842   999.8153  0.000e+00
     14.739     9.9474     9.9498    136.697  95.550671     20.964     0.1137      1.007   11.29749   11.28642 1.1267e-01     3.7895     3.2064    44.8614   999.8260  0.000e+00
     14.768     9.9438     9.9462    174.347 121.855534     21.004     0.1076      0.953   11.29719   11.28613 1.1280e-01     3.7450     3.2109    44.8111   999.8402  0.000e+00
     14.786     9.9454     9.9478    181.881 127.126572     21.031     0.1245      1.102   11.29651   11.28545 1.1267e-01     3.7853     3.2914    43.9182   999.8429  0.000e+00
     14.790     9.9483     9.9507    184.039 128.645599     21.037     0.1080      0.956   11.29568   11.28461 1.1282e-01     3.8213     3.2199    44.7104   999.8435  0.000e+00
     14.793     9.9509     9.9533    184.920 129.271113     21.040     0.1032      0.913   11.29495   11.28389 1.1277e-01     3.7535     3.2173    44.7385   999.8436  0.000e+00
     14.799     9.9517     9.9541    185.469 129.658347     21.049     0.1126      0.997   11.29472   11.28366 1.1290e-01     3.6751     3.2197    44.7119   999.8438  0.000e+00
