data/ctd_cnv_files/2024.02.09 Okaro 2 135.cnv
* Sea-Bird SBE19plus Data File:
* FileName = C:\Users\instrument\Desktop\Iola Rosa. CTD Casts\February 2024\Feb135.hex
* Software Version 1.59
* Temperature SN =  4268
* Conductivity SN =  4268
* System UpLoad Time = Feb 26 2024 13:53:03
* ds
* SeacatPlus V 1.6  SERIAL NO. 4268    26 Feb 2024  13:53:56
# nquan = 16
# nvalues = 464                                   
# units = specified
# name 0 = depFM: Depth [fresh water, m]
# name 1 = tv290C: Temperature [ITS-90, deg C]
# name 2 = tv268C: Temperature [IPTS-68, deg C]
# name 3 = specc: Specific Conductance [uS/cm]
# name 4 = c0uS/cm: Conductivity [uS/cm]
# name 5 = prdE: Pressure, Strain Gauge [psi]
# name 6 = sbeox0Mg/L: Oxygen, SBE 43 [mg/l]
# name 7 = sbeox0PS: Oxygen, SBE 43 [% saturation]
# name 8 = oxsolMg/L: Oxygen Saturation, Garcia & Gordon [mg/l]
# name 9 = oxsatMg/L: Oxygen Saturation, Weiss [mg/l]
# name 10 = par: PAR/Irradiance, Biospherical/Licor
# name 11 = flCM: Fluorescence, Chelsea Mini Chl Con [ug/l]
# name 12 = bat: Beam Attenuation, Chelsea/Seatech [1/m]
# name 13 = xmiss: Beam Transmission, Chelsea/Seatech [%]
# name 14 = density00: Density [density, kg/m^3]
# name 15 = flag:  0.000e+00
# span 0 =     -0.619,     16.112                 
# span 1 =     9.7892,    25.0979                 
# span 2 =     9.7915,    25.1039                 
# span 3 =     92.264,    274.075                 
# span 4 =  68.006939, 190.861316                 
# span 5 =     -0.881,     22.917                 
# span 6 =    -0.7435,     8.4958                 
# span 7 =     -7.133,    101.775                 
# span 8 =    8.24597,   11.34090                 
# span 9 =    8.22640,   11.32983                 
# span 10 = 1.4260e-01, 7.9518e+01                
# span 11 =    -0.3612,    24.9652                
# span 12 =     1.5144,    12.1759                
# span 13 =     4.7645,    68.4819                
# span 14 =   997.0619,   999.8950                
# span 15 = 0.0000e+00, 0.0000e+00                
# interval = seconds: 0.25
# start_time = Feb 09 2024 12:05:17 [Instrument's time stamp, header]
# bad_flag = -9.990e-29
*END*
[from data line 362]
     10.521    10.0294    10.0318    100.242  70.233010     14.964     0.3505      3.108   11.27687   11.26579 3.0388e-01    11.1053     3.4751    41.9460   999.7859  0.000e+00
     10.580    10.0149    10.0173    100.414  70.324496     15.048     0.3391      3.006   11.28073   11.26964 2.9368e-01    10.3718     3.4914    41.7758   999.7875  0.000e+00
     10.632    10.0044    10.0068    100.313  70.233017     15.122     0.3326      2.947   11.28353   11.27245 2.8415e-01     9.5747     3.4658    42.0438   999.7886  0.000e+00
     10.666     9.9986    10.0010    100.330  70.233018     15.170     0.3297      2.922   11.28507   11.27399 2.7714e-01     8.8900     3.4937    41.7521   999.7893  0.000e+00
     10.715     9.9923     9.9947    100.566  70.385491     15.241     0.3251      2.880   11.28674   11.27566 2.6159e-01     8.5127     3.5169    41.5107   999.7902  0.000e+00
     10.772     9.9888     9.9912    100.489  70.324503     15.322     0.3155      2.796   11.28766   11.27658 2.5091e-01     8.2837     3.4979    41.7077   999.7907  0.000e+00
     10.838     9.9860     9.9884    100.497  70.324505     15.416     0.3009      2.666   11.28841   11.27733 2.3813e-01     7.6456     3.5156    41.5241   999.7913  0.000e+00
     10.899     9.9695     9.9719    100.762  70.476980     15.502     0.2999      2.656   11.29279   11.28171 2.2930e-01     7.1517     3.5439    41.2309   999.7931  0.000e+00
     10.967     9.9443     9.9467    100.704  70.385503     15.599     0.2905      2.571   11.29951   11.28843 2.2191e-01     6.6705     3.5755    40.9066   999.7956  0.000e+00
     11.038     9.9206     9.9230    100.903  70.476992     15.700     0.2955      2.613   11.30583   11.29475 2.0631e-01     6.3737     3.5660    41.0044   999.7981  0.000e+00
     11.098     9.9015     9.9038    100.959  70.476997     15.785     0.2912      2.575   11.31094   11.29986 2.0874e-01     6.1087     3.5784    40.8770   999.8001  0.000e+00
     11.149     9.8865     9.8888    100.871  70.385518     15.858     0.2802      2.476   11.31495   11.30387 2.0003e-01     5.8140     3.5725    40.9377   999.8016  0.000e+00
     11.206     9.8759     9.8782    100.902  70.385520     15.939     0.2796      2.470   11.31778   11.30671 2.0118e-01     5.6763     3.5830    40.8296   999.8028  0.000e+00
     11.260     9.8693     9.8716    100.921  70.385522     16.016     0.2812      2.484   11.31954   11.30847 1.8907e-01     5.5533     3.5619    41.0458   999.8036  0.000e+00
     11.326     9.8648     9.8672    101.065  70.477007     16.110     0.2725      2.407   11.32074   11.30966 1.8876e-01     5.3774     3.5277    41.3982   999.8043  0.000e+00
     11.371     9.8617     9.8641    101.074  70.477008     16.174     0.2799      2.472   11.32157   11.31049 1.8833e-01     5.1611     3.4537    42.1711   999.8048  0.000e+00
     11.412     9.8584     9.8607    101.302  70.629481     16.232     0.2663      2.352   11.32245   11.31137 1.8335e-01     5.0339     3.4209    42.5190   999.8054  0.000e+00
     11.471     9.8545     9.8568    101.095  70.477010     16.316     0.2590      2.287   11.32350   11.31242 1.7772e-01     4.9364     3.4002    42.7397   999.8059  0.000e+00
     11.539     9.8516     9.8540    101.103  70.477011     16.413     0.2601      2.297   11.32426   11.31319 1.7895e-01     4.9173     3.3627    43.1424   999.8065  0.000e+00
     11.600     9.8506     9.8530    101.325  70.629484     16.499     0.2569      2.268   11.32452   11.31345 1.7074e-01     4.9301     3.3427    43.3586   999.8069  0.000e+00
     11.665     9.8493     9.8517    101.679  70.873443     16.591     0.2538      2.241   11.32485   11.31378 1.7606e-01     4.8241     3.2715    44.1374   999.8075  0.000e+00
     11.743     9.8468     9.8491    101.686  70.873444     16.702     0.2527      2.231   11.32554   11.31446 1.7267e-01     4.5909     3.1791    45.1679   999.8081  0.000e+00
     11.800     9.8443     9.8467    101.693  70.873445     16.783     0.2454      2.167   11.32619   11.31512 1.7203e-01     4.4722     3.1247    45.7868   999.8086  0.000e+00
     11.863     9.8418     9.8441    101.832  70.964931     16.874     0.2443      2.157   11.32688   11.31580 1.6992e-01     4.3746     3.0321    46.8588   999.8091  0.000e+00
     11.954     9.8401     9.8425    101.968  71.056418     17.002     0.2369      2.091   11.32731   11.31623 1.6603e-01     4.2644     2.9216    48.1721   999.8097  0.000e+00
     12.043     9.8386     9.8409    101.710  70.873448     17.129     0.2397      2.116   11.32774   11.31666 1.6486e-01     4.1626     2.8792    48.6844   999.8102  0.000e+00
     12.107     9.8367     9.8391    101.978  71.056419     17.221     0.2365      2.088   11.32823   11.31715 1.6756e-01     4.0736     2.8442    49.1123   999.8108  0.000e+00
     12.168     9.8357     9.8381    101.850  70.964935     17.307     0.2339      2.065   11.32850   11.31742 1.6186e-01     3.9613     2.8257    49.3403   999.8111  0.000e+00
     12.255     9.8353     9.8377    101.851  70.964935     17.430     0.2324      2.051   11.32861   11.31753 1.6024e-01     3.8107     2.7848    49.8482   999.8115  0.000e+00
     12.333     9.8342     9.8366    101.854  70.964936     17.541     0.2316      2.045   11.32890   11.31783 1.6075e-01     3.6751     2.7415    50.3901   999.8120  0.000e+00
     12.382     9.8326     9.8349    102.078  71.117413     17.611     0.2305      2.035   11.32933   11.31826 1.5812e-01     3.5542     2.7160    50.7128   999.8124  0.000e+00
     12.434     9.8303     9.8327    102.128  71.147909     17.685     0.2281      2.013   11.32992   11.31885 1.5607e-01     3.4822     2.7069    50.8283   999.8129  0.000e+00
     12.493     9.8280     9.8303    102.091  71.117415     17.769     0.2246      1.982   11.33056   11.31949 1.5447e-01     3.3783     2.6956    50.9720   999.8134  0.000e+00
     12.541     9.8266     9.8290    102.095  71.117415     17.838     0.2263      1.997   11.33092   11.31985 1.5650e-01     3.3444     2.6970    50.9542   999.8137  0.000e+00
     12.594     9.8257     9.8280    102.010  71.056425     17.913     0.2160      1.906   11.33118   11.32010 1.5226e-01     3.3232     2.6876    51.0741   999.8140  0.000e+00
     12.689     9.8243     9.8267    102.014  71.056426     18.048     0.2110      1.862   11.33153   11.32046 1.5257e-01     3.2765     2.6600    51.4280   999.8146  0.000e+00
     12.768     9.8227     9.8251    102.019  71.056427     18.160     0.2112      1.864   11.33197   11.32090 1.5355e-01     3.2193     2.6760    51.2222   999.8151  0.000e+00
     12.830     9.8219     9.8243    101.890  70.964942     18.249     0.2048      1.807   11.33219   11.32112 1.5324e-01     3.1069     2.6608    51.4176   999.8154  0.000e+00
     12.899     9.8207     9.8230    101.762  70.873458     18.346     0.2048      1.807   11.33253   11.32145 1.5239e-01     3.1493     2.6318    51.7907   999.8158  0.000e+00
     12.946     9.8194     9.8218    101.766  70.873458     18.413     0.2006      1.770   11.33287   11.32179 1.5233e-01     3.1218     2.5963    52.2527   999.8161  0.000e+00
     12.986     9.8191     9.8215    101.898  70.964944     18.471     0.1991      1.757   11.33294   11.32187 1.5359e-01     3.0836     2.5836    52.4185   999.8164  0.000e+00
     13.035     9.8185     9.8209    102.031  71.056430     18.540     0.1935      1.708   11.33309   11.32202 1.5299e-01     3.0688     2.5556    52.7872   999.8167  0.000e+00
     13.105     9.8179     9.8203    102.033  71.056430     18.640     0.2043      1.802   11.33325   11.32218 1.5201e-01     3.0052     2.5503    52.8568   999.8171  0.000e+00
     13.162     9.8177     9.8200    101.903  70.964945     18.721     0.1959      1.728   11.33333   11.32226 1.5056e-01     2.9077     2.5441    52.9397   999.8173  0.000e+00
     13.216     9.8177     9.8200    101.903  70.964946     18.798     0.1855      1.637   11.33333   11.32226 1.4802e-01     2.8292     2.5462    52.9116   999.8176  0.000e+00
     13.270     9.8172     9.8195    102.123  71.117422     18.874     0.1852      1.634   11.33345   11.32238 1.5156e-01     2.7847     2.5555    52.7887   999.8179  0.000e+00
     13.327     9.8163     9.8186    101.775  70.873462     18.956     0.1949      1.720   11.33371   11.32264 1.5142e-01     2.8398     2.5512    52.8449   999.8182  0.000e+00
     13.364     9.8156     9.8180    101.909  70.964947     19.009     0.1888      1.665   11.33388   11.32280 1.5184e-01     2.8844     2.5348    53.0626   999.8184  0.000e+00
     13.407     9.8152     9.8175    101.910  70.964948     19.070     0.1904      1.680   11.33400   11.32293 1.5152e-01     2.8568     2.5176    53.2906   999.8187  0.000e+00
     13.481     9.8149     9.8172    101.911  70.964948     19.174     0.1860      1.641   11.33408   11.32301 1.5004e-01     2.8674     2.5131    53.3513   999.8190  0.000e+00
     13.541     9.8146     9.8169    102.043  71.056434     19.260     0.1939      1.711   11.33416   11.32308 1.5090e-01     2.8950     2.5220    53.2329   999.8194  0.000e+00
     13.576     9.8140     9.8163    102.045  71.056434     19.310     0.1926      1.699   11.33431   11.32324 1.4949e-01     2.9246     2.5155    53.3187   999.8196  0.000e+00
     13.630     9.8132     9.8156    102.047  71.056435     19.387     0.1858      1.639   11.33451   11.32344 1.5028e-01     2.9713     2.5132    53.3498   999.8199  0.000e+00
     13.717     9.8125     9.8148    101.918  70.964950     19.510     0.1775      1.566   11.33472   11.32365 1.4610e-01     2.9437     2.5119    53.3676   999.8204  0.000e+00
     13.791     9.8119     9.8142    102.051  71.056436     19.615     0.1807      1.594   11.33487   11.32380 1.4494e-01     2.9607     2.5005    53.5201   999.8208  0.000e+00
     13.840     9.8117     9.8140    102.051  71.056437     19.685     0.1718      1.516   11.33494   11.32386 1.4718e-01     2.9628     2.4885    53.6800   999.8211  0.000e+00
     13.891     9.8110     9.8134    101.791  70.873467     19.757     0.1831      1.615   11.33512   11.32404 1.5004e-01     2.9501     2.4872    53.6978   999.8213  0.000e+00
     13.970     9.8102     9.8126    101.793  70.873467     19.870     0.1766      1.558   11.33533   11.32426 1.4884e-01     2.9140     2.4826    53.7600   999.8217  0.000e+00
     14.037     9.8092     9.8116    102.146  71.117429     19.965     0.1706      1.505   11.33559   11.32451 1.5014e-01     2.9289     2.4646    54.0013   999.8222  0.000e+00
     14.086     9.8072     9.8096    102.152  71.117430     20.035     0.1725      1.522   11.33612   11.32504 1.4725e-01     2.9246     2.4730    53.8888   999.8226  0.000e+00
     14.137     9.8047     9.8070    102.072  71.056440     20.107     0.1682      1.483   11.33681   11.32573 1.5087e-01     2.8928     2.4491    54.2116   999.8231  0.000e+00
     14.205     9.8039     9.8062    102.162  71.117432     20.204     0.1620      1.429   11.33702   11.32595 1.4850e-01     2.9098     2.4500    54.1997   999.8235  0.000e+00
     14.264     9.8036     9.8059    102.163  71.117432     20.289     0.1723      1.520   11.33710   11.32603 1.4714e-01     2.8695     2.4324    54.4381   999.8238  0.000e+00
     14.319     9.8030     9.8053    102.165  71.117433     20.367     0.1594      1.406   11.33726   11.32618 1.4833e-01     2.9416     2.4420    54.3078   999.8241  0.000e+00
     14.380     9.8023     9.8046    101.948  70.964957     20.453     0.1486      1.310   11.33745   11.32638 1.4976e-01     2.8971     2.4431    54.2930   999.8244  0.000e+00
     14.454     9.8019     9.8043    102.080  71.056443     20.559     0.1593      1.405   11.33754   11.32647 1.4769e-01     2.8123     2.4464    54.2486   999.8248  0.000e+00
     14.512     9.8016     9.8040    102.168  71.117434     20.640     0.1619      1.428   11.33762   11.32654 1.4421e-01     2.7423     2.4370    54.3759   999.8251  0.000e+00
     14.552     9.8012     9.8035    102.082  71.056444     20.698     0.1618      1.427   11.33774   11.32667 1.4994e-01     2.6936     2.4053    54.8083   999.8253  0.000e+00
     14.604     9.8004     9.8027    102.085  71.056444     20.771     0.1646      1.452   11.33796   11.32689 1.4721e-01     2.7317     2.4179    54.6365   999.8256  0.000e+00
     14.665     9.7998     9.8021    102.305  71.208922     20.859     0.1663      1.467   11.33811   11.32704 1.4600e-01     2.7656     2.4193    54.6173   999.8260  0.000e+00
     14.710     9.7995     9.8018    102.438  71.300409     20.923     0.1519      1.340   11.33818   11.32711 1.4641e-01     2.7550     2.3981    54.9075   999.8263  0.000e+00
     14.759     9.7987     9.8010    102.177  71.117436     20.992     0.1607      1.417   11.33841   11.32734 1.4651e-01     2.7868     2.4038    54.8290   999.8265  0.000e+00
     14.829     9.7976     9.7999    102.443  71.300410     21.092     0.1530      1.350   11.33870   11.32763 1.4514e-01     2.8441     2.3991    54.8941   999.8270  0.000e+00
     14.894     9.7968     9.7992    102.577  71.391898     21.184     0.1520      1.341   11.33890   11.32782 1.4524e-01     2.7890     2.3753    55.2214   999.8275  0.000e+00
     14.952     9.7959     9.7982    102.667  71.452890     21.267     0.1525      1.345   11.33914   11.32807 1.4627e-01     2.7211     2.3800    55.1562   999.8278  0.000e+00
     15.015     9.7946     9.7970    102.934  71.635867     21.356     0.1547      1.364   11.33948   11.32841 1.5014e-01     2.6618     2.3831    55.1133   999.8283  0.000e+00
     15.088     9.7933     9.7956    103.026  71.696860     21.461     0.1484      1.309   11.33984   11.32876 1.5056e-01     2.7169     2.3539    55.5175   999.8288  0.000e+00
     15.136     9.7929     9.7952    102.589  71.391900     21.528     0.1512      1.333   11.33996   11.32888 1.4867e-01     2.6681     2.3461    55.6256   999.8289  0.000e+00
     15.154     9.7932     9.7955    102.544  71.361405     21.554     0.1476      1.302   11.33988   11.32881 1.4444e-01     2.6384     2.3238    55.9365   999.8290  0.000e+00
     15.199     9.7933     9.7956    102.807  71.544380     21.619     0.1452      1.280   11.33984   11.32877 1.4617e-01     2.6490     2.3272    55.8891   999.8293  0.000e+00
     15.273     9.7930     9.7953    103.027  71.696861     21.723     0.1474      1.300   11.33991   11.32884 1.4460e-01     2.6088     2.3492    55.5826   999.8297  0.000e+00
     15.345     9.7922     9.7946    103.029  71.696862     21.826     0.1506      1.328   11.34012   11.32904 1.4524e-01     2.6257     2.3396    55.7159   999.8301  0.000e+00
     15.406     9.7913     9.7937    103.294  71.879841     21.912     0.1477      1.303   11.34034   11.32927 1.4714e-01     2.5918     2.3488    55.5886   999.8306  0.000e+00
     15.471     9.7905     9.7929    103.384  71.940834     22.005     0.1489      1.313   11.34056   11.32948 1.4809e-01     2.5876     2.3427    55.6729   999.8310  0.000e+00
     15.542     9.7899     9.7922    103.649  72.123815     22.106     0.1476      1.302   11.34072   11.32965 1.4976e-01     2.5939     2.3208    55.9780   999.8315  0.000e+00
     15.588     9.7897     9.7920    103.869  72.276301     22.172     0.1341      1.182   11.34078   11.32970 1.4704e-01     2.5091     2.3079    56.1601   999.8318  0.000e+00
     15.618     9.7892     9.7915    103.870  72.276301     22.214     0.1431      1.262   11.34090   11.32983 1.4517e-01     2.5134     2.3002    56.2682   999.8320  0.000e+00
     15.667     9.7895     9.7919    104.220  72.520280     22.284     0.1283      1.132   11.34079   11.32972 1.4260e-01     2.5176     2.3039    56.2163   999.8323  0.000e+00
     15.728     9.7900     9.7923    106.717  74.258711     22.370     0.1272      1.121   11.34060   11.32953 1.4614e-01     2.5070     2.3042    56.2119   999.8334  0.000e+00
