data/ctd_cnv_files/2024.02.09 Okaro 2 135.cnv
* Sea-Bird SBE19plus Data File:
* FileName = C:\Users\instrument\Desktop\Iola Rosa. CTD Casts\February 2024\Feb135.hex
* Software Version 1.59
* Temperature SN =  4268
* Conductivity SN =  4268
* System UpLoad Time = Feb 26 2024 13:53:03
* ds
* SeacatPlus V 1.6  SERIAL NO. 4268    26 Feb 2024  13:53:56
# nquan = 16
# nvalues = 464                                   
# units = specified
# name 0 = depFM: Depth [fresh water, m]
# name 1 = tv290C: Temperature [ITS-90, deg C]
# name 2 = tv268C: Temperature [IPTS-68, deg C]
# name 3 = specc: Specific Conductance [uS/cm]
# name 4 = c0uS/cm: Conductivity [uS/cm]
# name 5 = prdE: Pressure, Strain Gauge [psi]
# name 6 = sbeox0Mg/L: Oxygen, SBE 43 [mg/l]
# name 7 = sbeox0PS: Oxygen, SBE 43 [% saturation]
# name 8 = oxsolMg/L: Oxygen Saturation, Garcia & Gordon [mg/l]
# name 9 = oxsatMg/L: Oxygen Saturation, Weiss [mg/l]
# name 10 = par: PAR/Irradiance, Biospherical/Licor
# name 11 = flCM: Fluorescence, Chelsea Mini Chl Con [ug/l]
# name 12 = bat: Beam Attenuation, Chelsea/Seatech [1/m]
# name 13 = xmiss: Beam Transmission, Chelsea/Seatech [%]
# name 14 = density00: Density [density, kg/m^3]
# name 15 = flag:  0.000e+00
# span 0 =     -0.619,     16.112                 
# span 1 =     9.7892,    25.0979                 
# span 2 =     9.7915,    25.1039                 
# span 3 =     92.264,    274.075                 
# span 4 =  68.006939, 190.861316                 
# span 5 =     -0.881,     22.917                 
# span 6 =    -0.7435,     8.4958                 
# span 7 =     -7.133,    101.775                 
# span 8 =    8.24597,   11.34090                 
# span 9 =    8.22640,   11.32983                 
# span 10 = 1.4260e-01, 7.9518e+01                
# span 11 =    -0.3612,    24.9652                
# span 12 =     1.5144,    12.1759                
# span 13 =     4.7645,    68.4819                
# span 14 =   997.0619,   999.8950                
# span 15 = 0.0000e+00, 0.0000e+00                
# interval = seconds: 0.25
# start_time = Feb 09 2024 12:05:17 [Instrument's time stamp, header]
# bad_flag = -9.990e-29
*END*
[from data line 181]
      0.118    24.4665    24.4724     97.036  96.012331      0.168     6.6405     79.596    8.34277    8.32352 3.3790e+01     3.7980     1.6444    66.2920   997.2205  0.000e+00
      0.204    24.4096    24.4154     97.704  96.561926      0.290     6.8963     82.575    8.35158    8.33236 3.8031e+01     3.7874     1.6428    66.3187   997.2354  0.000e+00
      0.220    24.3787    24.3846     98.878  97.661134      0.313     7.1322     85.350    8.35635    8.33714 4.0374e+01     3.5224     1.6440    66.2994   997.2436  0.000e+00
      0.221    24.4608    24.4667     98.807  97.752711      0.315     7.3071     87.577    8.34362    8.32437 4.1348e+01     3.2447     1.6357    66.4371   997.2230  0.000e+00
      0.241    24.5610    24.5669     98.699  97.844282      0.343     7.4500     89.456    8.32812    8.30882 4.3347e+01     3.1218     1.6461    66.2639   997.1978  0.000e+00
      0.299    24.6302    24.6361     98.131  97.416784      0.426     7.5393     90.644    8.31747    8.29813 3.8734e+01     3.0921     1.6624    65.9944   997.1804  0.000e+00
      0.356    24.6750    24.6809     98.288  97.661041      0.507     7.5558     90.918    8.31057    8.29121 3.9180e+01     3.1939     1.6719    65.8375   997.1694  0.000e+00
      0.397    24.6932    24.6991     98.744  98.149587      0.565     7.5171     90.483    8.30775    8.28838 3.6881e+01     3.3634     1.6422    66.3290   997.1651  0.000e+00
      0.410    24.7349    24.7408     98.937  98.424389      0.583     7.4358     89.573    8.30135    8.28196 3.3929e+01     3.3189     1.6331    66.4801   997.1547  0.000e+00
      0.416    24.8395    24.8455     98.883  98.577032      0.591     7.3200     88.349    8.28531    8.26587 3.3474e+01     3.2384     1.6393    66.3764   997.1281  0.000e+00
      0.417    24.9390    24.9450     98.594  98.485394      0.593     7.2036     87.104    8.27013    8.25064 3.0986e+01     3.2129     1.6791    65.7190   997.1026  0.000e+00
      0.422    25.0225    25.0285     98.429  98.485368      0.601     7.0805     85.747    8.25741    8.23788 3.0521e+01     3.1451     1.6478    66.2358   997.0812  0.000e+00
      0.420    25.0754    25.0814     98.325  98.485351      0.598     6.9554     84.314    8.24938    8.22982 3.0894e+01     3.0624     1.6415    66.3409   997.0676  0.000e+00
      0.450    25.0962    25.1022     97.949  98.149459      0.640     6.8485     83.051    8.24623    8.22666 3.1336e+01     3.0518     1.6557    66.1055   997.0622  0.000e+00
      0.476    25.0979    25.1039     98.037  98.241063      0.677     6.7572     81.945    8.24597    8.22640 3.2033e+01     3.0730     1.6359    66.4327   997.0619  0.000e+00
      0.485    25.0925    25.0985     98.383  98.576952      0.690     6.6809     81.012    8.24679    8.22722 3.2011e+01     3.0497     1.6365    66.4223   997.0635  0.000e+00
      0.493    25.0882    25.0942     98.392  98.576953      0.701     6.6280     80.364    8.24744    8.22787 3.2670e+01     2.9225     1.6357    66.4371   997.0646  0.000e+00
      0.509    25.0837    25.0897     98.492  98.668561      0.724     6.6001     80.019    8.24812    8.22856 3.2911e+01     2.9395     1.6322    66.4949   997.0659  0.000e+00
      0.552    25.0831    25.0891     98.066  98.241069      0.785     6.5568     79.493    8.24821    8.22865 3.3504e+01     2.9373     1.6398    66.3690   997.0661  0.000e+00
      0.608    25.0816    25.0876     97.856  98.027326      0.865     6.5186     79.028    8.24844    8.22888 3.2543e+01     2.9373     1.6276    66.5704   997.0666  0.000e+00
      0.672    25.0801    25.0861     97.676  97.844121      0.955     6.4991     78.790    8.24867    8.22911 3.3214e+01     2.9670     1.6313    66.5097   997.0672  0.000e+00
      0.722    25.0747    25.0807     97.747  97.905192      1.027     6.5027     78.826    8.24949    8.22994 3.3321e+01     3.0836     1.6415    66.3394   997.0689  0.000e+00
      0.773    25.0399    25.0459     97.754  97.844134      1.099     6.5170     78.948    8.25479    8.23524 3.1668e+01     3.3189     1.6452    66.2787   997.0781  0.000e+00
      0.849    24.9799    24.9859     97.780  97.752551      1.207     6.5159     78.848    8.26391    8.24439 3.1901e+01     3.3719     1.6447    66.2876   997.0938  0.000e+00
      0.934    24.8672    24.8731     97.511  97.264047      1.329     6.5110     78.624    8.28112    8.26166 3.0852e+01     3.3910     1.6435    66.3068   997.1229  0.000e+00
      1.013    24.7222    24.7281     97.305  96.775564      1.441     6.5287     78.628    8.30333    8.28395 2.9659e+01     3.3380     1.6305    66.5230   997.1600  0.000e+00
      1.094    24.5804    24.5863     97.244  96.439751      1.555     6.5776     79.008    8.32516    8.30585 2.8795e+01     3.2511     1.6239    66.6326   997.1962  0.000e+00
      1.160    24.4653    24.4712     97.286  96.256595      1.649     6.6245     79.403    8.34295    8.32370 2.8968e+01     3.2002     1.6491    66.2150   997.2255  0.000e+00
      1.221    24.3830    24.3889     97.386  96.195558      1.737     6.6501     79.587    8.35571    8.33651 2.8234e+01     3.0794     1.6318    66.5008   997.2465  0.000e+00
      1.276    24.3247    24.3306     97.408  96.103981      1.815     6.6570     79.584    8.36477    8.34560 2.7424e+01     2.9628     1.6326    66.4875   997.2613  0.000e+00
      1.331    24.2804    24.2862     97.403  96.012400      1.893     6.6604     79.559    8.37168    8.35253 2.7330e+01     2.8547     1.6258    66.6015   997.2726  0.000e+00
      1.373    24.2448    24.2506     97.566  96.104007      1.952     6.6848     79.798    8.37722    8.35809 2.7217e+01     2.7360     1.6325    66.4889   997.2817  0.000e+00
      1.410    24.2290    24.2348     97.939  96.439864      2.006     6.7154     80.139    8.37968    8.36056 2.6601e+01     2.7084     1.6216    66.6711   997.2859  0.000e+00
      1.451    24.2285    24.2344     97.506  96.012418      2.063     6.7450     80.492    8.37976    8.36064 2.7192e+01     2.6681     1.6421    66.3305   997.2861  0.000e+00
      1.505    24.2098    24.2156     97.388  95.859766      2.140     6.7629     80.677    8.38268    8.36357 2.6864e+01     2.6766     1.6228    66.6518   997.2909  0.000e+00
      1.566    24.1821    24.1879     97.101  95.523933      2.227     6.7746     80.775    8.38703    8.36793 2.6846e+01     2.7360     1.6462    66.2624   997.2980  0.000e+00
      1.634    24.1544    24.1602     97.156  95.523942      2.324     6.7992     81.026    8.39135    8.37227 2.6558e+01     2.6957     1.6199    66.6992   997.3052  0.000e+00
      1.689    24.1021    24.1079     97.415  95.676614      2.402     6.8227     81.227    8.39954    8.38049 2.6987e+01     2.5367     1.5994    67.0427   997.3185  0.000e+00
      1.745    24.0266    24.0324     97.316  95.432390      2.482     6.8368     81.280    8.41139    8.39238 2.6741e+01     2.4689     1.5718    67.5061   997.3374  0.000e+00
      1.818    23.9035    23.9093     97.061  94.943942      2.585     6.8199     80.893    8.43078    8.41184 2.7430e+01     2.4604     1.5464    67.9370   997.3679  0.000e+00
      1.888    23.7282    23.7339     97.004  94.547110      2.685     6.7863     80.230    8.45853    8.43970 2.7330e+01     2.3798     1.5409    68.0303   997.4112  0.000e+00
      1.941    23.5766    23.5823     97.400  94.638746      2.760     6.7599     79.691    8.48263    8.46389 2.7211e+01     2.3565     1.5333    68.1591   997.4484  0.000e+00
      2.001    23.5024    23.5080     97.109  94.211359      2.846     6.7318     79.249    8.49450    8.47580 2.7791e+01     2.4010     1.5513    67.8526   997.4666  0.000e+00
      2.066    23.3735    23.3791     96.958  93.814526      2.939     6.7055     78.747    8.51517    8.49655 2.7854e+01     2.3819     1.5278    68.2524   997.4979  0.000e+00
      2.113    23.2428    23.2484     97.474  94.058795      3.006     6.6814     78.271    8.53619    8.51766 2.8027e+01     2.3226     1.5317    68.1872   997.5297  0.000e+00
      2.153    23.1946    23.2002     97.476  93.967224      3.062     6.6584     77.930    8.54397    8.52546 2.8117e+01     2.3268     1.5307    68.2035   997.5413  0.000e+00
      2.215    23.1342    23.1397     96.996  93.387207      3.151     6.6506     77.751    8.55376    8.53529 2.9094e+01     2.3353     1.5331    68.1621   997.5559  0.000e+00
      2.281    23.0065    23.0121     96.586  92.746174      3.245     6.6587     77.657    8.57448    8.55609 2.8815e+01     2.4604     1.5389    68.0643   997.5864  0.000e+00
      2.336    22.9119    22.9174     96.936  92.898837      3.323     6.6718     77.671    8.58988    8.57156 2.8182e+01     2.5854     1.5453    67.9548   997.6091  0.000e+00
      2.386    22.8722    22.8777     96.921  92.807269      3.393     6.7097     78.053    8.59637    8.57807 2.9107e+01     2.6978     1.5307    68.2035   997.6187  0.000e+00
      2.429    22.8101    22.8155     97.239  92.990450      3.454     6.7519     78.451    8.60652    8.58826 2.8697e+01     2.7232     1.5366    68.1028   997.6336  0.000e+00
      2.477    22.7432    22.7487     97.183  92.807309      3.523     6.7878     78.768    8.61748    8.59927 2.8631e+01     2.7381     1.5285    68.2405   997.6495  0.000e+00
      2.522    22.6884    22.6939     97.231  92.746272      3.587     6.8267     79.136    8.62648    8.60830 2.9748e+01     2.7381     1.5420    68.0110   997.6625  0.000e+00
      2.588    22.6138    22.6192     96.678  92.074715      3.681     6.8882     79.736    8.63877    8.62064 2.9919e+01     2.7444     1.5403    68.0392   997.6800  0.000e+00
      2.655    22.5249    22.5303     96.602  91.830537      3.776     6.9596     80.425    8.65346    8.63539 3.0654e+01     2.6575     1.5340    68.1472   997.7010  0.000e+00
      2.711    22.4668    22.4722     96.720  91.830555      3.856     7.0303     81.153    8.66307    8.64503 3.0633e+01     2.6278     1.5244    68.3101   997.7148  0.000e+00
      2.783    22.4357    22.4411     96.591  91.647413      3.959     7.0814     81.694    8.66822    8.65021 3.0654e+01     2.5388     1.5220    68.3516   997.7222  0.000e+00
      2.863    22.3747    22.3801     96.200  91.159035      4.072     7.1098     81.925    8.67836    8.66039 3.1107e+01     2.6236     1.5356    68.1191   997.7366  0.000e+00
      2.947    22.3140    22.3193     96.323  91.159053      4.192     7.1332     82.100    8.68845    8.67053 3.0201e+01     2.6554     1.5297    68.2213   997.7510  0.000e+00
      3.028    22.2664    22.2718     95.904  90.670683      4.307     7.1636     82.374    8.69639    8.67849 3.1100e+01     2.5558     1.5144    68.4819   997.7621  0.000e+00
      3.093    22.2129    22.2182     94.623  89.358221      4.400     7.1485     82.116    8.70535    8.68749 3.0725e+01     2.6469     1.5292    68.2287   997.7742  0.000e+00
      3.154    22.0966    22.1019     94.597  89.114083      4.486     7.0484     80.785    8.72483    8.70705 3.0830e+01     2.6172     1.5370    68.0969   997.8011  0.000e+00
      3.216    21.9454    21.9507     94.804  89.022563      4.575     7.0607     80.691    8.75025    8.73258 3.0979e+01     2.5134     1.5302    68.2124   997.8358  0.000e+00
      3.298    21.8408    21.8460     95.114  89.114158      4.690     7.2111     82.244    8.76793    8.75033 3.1632e+01     2.4031     1.5235    68.3264   997.8599  0.000e+00
      3.366    21.7755    21.7807     94.986  88.870008      4.787     7.4017     84.312    8.77899    8.76144 3.1596e+01     2.3607     1.5319    68.1828   997.8748  0.000e+00
      3.437    21.7265    21.7317     95.085  88.870022      4.889     7.5836     86.302    8.78731    8.76979 3.1143e+01     2.3438     1.5319    68.1828   997.8862  0.000e+00
      3.507    21.6898    21.6950     95.160  88.870034      4.989     7.7575     88.218    8.79355    8.77606 3.1466e+01     2.5367     1.5300    68.2154   997.8947  0.000e+00
      3.561    21.6615    21.6667     94.956  88.625875      5.065     7.8897     89.672    8.79837    8.78090 3.2365e+01     2.4901     1.5481    67.9074   997.9012  0.000e+00
      3.600    21.6350    21.6402     95.174  88.778487      5.120     7.9948     90.820    8.80288    8.78542 3.1365e+01     2.4328     1.5463    67.9385   997.9074  0.000e+00
      3.651    21.6111    21.6163     95.059  88.625890      5.194     8.0434     91.330    8.80695    8.78951 3.1509e+01     2.4773     1.5473    67.9207   997.9129  0.000e+00
      3.723    21.5921    21.5972     94.836  88.381732      5.295     8.0337     91.187    8.81021    8.79279 3.1887e+01     2.6321     1.5675    67.5787   997.9174  0.000e+00
      3.807    21.5727    21.5779     95.137  88.625903      5.415     7.9811     90.555    8.81350    8.79609 3.2129e+01     3.0667     1.5737    67.4736   997.9222  0.000e+00
      3.889    21.5514    21.5566     95.181  88.625910      5.531     7.9347     89.991    8.81714    8.79975 3.0668e+01     3.0327     1.5807    67.3566   997.9273  0.000e+00
      3.974    21.5271    21.5322     95.034  88.442794      5.653     7.9053     89.615    8.82132    8.80394 3.0556e+01     3.0327     1.5883    67.2278   997.9330  0.000e+00
      4.060    21.5015    21.5067     94.758  88.137600      5.775     7.8719     89.193    8.82569    8.80833 3.0111e+01     3.0561     1.6092    66.8783   997.9390  0.000e+00
      4.144    21.4735    21.4786     95.045  88.351250      5.894     7.8420     88.806    8.83049    8.81315 2.8690e+01     3.0539     1.6478    66.2358   997.9457  0.000e+00
      4.226    21.4417    21.4469     95.044  88.290219      6.011     7.8195     88.497    8.83594    8.81863 2.8461e+01     3.4122     1.6430    66.3157   997.9531  0.000e+00
      4.301    21.4086    21.4138     94.849  88.046069      6.117     7.8045     88.270    8.84162    8.82433 2.7248e+01     3.7705     1.6537    66.1380   997.9607  0.000e+00
      4.357    21.3773    21.3824     94.913  88.046078      6.197     7.7890     88.042    8.84702    8.82975 2.6497e+01     4.0227     1.6916    65.5147   997.9679  0.000e+00
      4.422    21.3487    21.3539     94.873  87.954528      6.289     7.7756     87.840    8.85193    8.83468 2.5637e+01     4.3238     1.7059    65.2807   997.9744  0.000e+00
      4.482    21.3248    21.3299     95.021  88.046094      6.375     7.7497     87.508    8.85605    8.83882 2.4360e+01     4.4997     1.7112    65.1949   997.9800  0.000e+00
      4.528    21.2989    21.3040     95.173  88.137662      6.441     7.7248     87.182    8.86052    8.84331 2.3890e+01     4.5951     1.7136    65.1549   997.9860  0.000e+00
      4.561    21.2713    21.2764     95.032  87.954551      6.488     7.7034     86.894    8.86528    8.84808 2.3365e+01     5.0996     1.7078    65.2497   997.9921  0.000e+00
      4.611    21.2462    21.2513     94.918  87.801961      6.558     7.6914     86.716    8.86962    8.85245 2.3542e+01     5.8988     1.7327    64.8454   997.9978  0.000e+00
      4.666    21.2215    21.2266     94.771  87.618852      6.636     7.6695     86.428    8.87389    8.85674 2.4517e+01     6.2529     1.7384    64.7522   998.0034  0.000e+00
      4.712    21.1927    21.1978     94.764  87.557822      6.702     7.6372     86.015    8.87886    8.86173 2.5403e+01     6.0918     1.7418    64.6974   998.0099  0.000e+00
      4.783    21.1641    21.1691     94.823  87.557831      6.803     7.5963     85.507    8.88383    8.86672 2.6723e+01     5.9667     1.7316    64.8617   998.0165  0.000e+00
      4.848    21.1305    21.1356     94.892  87.557841      6.895     7.5611     85.055    8.88964    8.87255 2.7714e+01     6.1151     1.7173    65.0942   998.0242  0.000e+00
      4.906    21.0838    21.0889     94.988  87.557855      6.978     7.5111     84.416    8.89776    8.88070 2.8066e+01     6.5221     1.7315    64.8647   998.0347  0.000e+00
      4.963    21.0223    21.0274     94.850  87.313721      7.059     7.4687     83.839    8.90846    8.89145 2.8487e+01     6.4331     1.6994    65.3874   998.0482  0.000e+00
