data/ctd_cnv_files/2024.02.24 Okaro 2 144.cnv
* Sea-Bird SBE19plus Data File:
* FileName = C:\Users\instrument\Desktop\Iola Rosa. CTD Casts\February 2024\Feb144.hex
* Software Version 1.59
* Temperature SN =  4268
* Conductivity SN =  4268
* System UpLoad Time = Feb 26 2024 14:00:28
* ds
* SeacatPlus V 1.6  SERIAL NO. 4268    26 Feb 2024  13:53:56
# nquan = 16
# nvalues = 841                                   
# units = specified
# name 0 = depFM: Depth [fresh water, m]
# name 1 = tv290C: Temperature [ITS-90, deg C]
# name 2 = tv268C: Temperature [IPTS-68, deg C]
# name 3 = specc: Specific Conductance [uS/cm]
# name 4 = c0uS/cm: Conductivity [uS/cm]
# name 5 = prdE: Pressure, Strain Gauge [psi]
# name 6 = sbeox0Mg/L: Oxygen, SBE 43 [mg/l]
# name 7 = sbeox0PS: Oxygen, SBE 43 [% saturation]
# name 8 = oxsolMg/L: Oxygen Saturation, Garcia & Gordon [mg/l]
# name 9 = oxsatMg/L: Oxygen Saturation, Weiss [mg/l]
# name 10 = par: PAR/Irradiance, Biospherical/Licor
# name 11 = flCM: Fluorescence, Chelsea Mini Chl Con [ug/l]
# name 12 = bat: Beam Attenuation, Chelsea/Seatech [1/m]
# name 13 = xmiss: Beam Transmission, Chelsea/Seatech [%]
# name 14 = density00: Density [density, kg/m^3]
# name 15 = flag:  0.000e+00
# span 0 =     -0.638,     14.916                 
# span 1 =     9.8431,    23.2107                 
# span 2 =     9.8455,    23.2163                 
# span 3 =     -1.528,    207.721                 
# span 4 =  -1.451909, 197.449371                 
# span 5 =     -0.908,     21.215                 
# span 6 =    -0.2457,     9.6045                 
# span 7 =     -2.393,    112.445                 
# span 8 =    8.54138,   11.32645                 
# span 9 =    8.52286,   11.31537                 
# span 10 = 1.3056e-01, 3.1487e+02                
# span 11 =    -0.3612,    41.9901                
# span 12 =     1.2553,    15.2000                
# span 13 =     2.2371,    73.0644                
# span 14 =   997.5281,   999.8237                
# span 15 = 0.0000e+00, 0.0000e+00                
# interval = seconds: 0.25
# start_time = Feb 22 2024 12:57:07 [Instrument's time stamp, header]
# bad_flag = -9.990e-29
*END*
[from data line 724]
     11.129    10.0044    10.0068    101.577  71.117365     15.829     0.1276      1.131   11.28349   11.27241 1.6467e-01     3.2151     3.4511    42.1992   999.7914  0.000e+00
     11.170     9.9965     9.9989    101.599  71.117367     15.888     0.1243      1.102   11.28557   11.27449 1.6138e-01     3.1218     3.4560    42.1474   999.7923  0.000e+00
     11.211     9.9924     9.9948    101.742  71.208854     15.946     0.1215      1.076   11.28667   11.27559 1.6031e-01     3.1133     3.4494    42.2170   999.7929  0.000e+00
     11.243     9.9884     9.9908    101.623  71.117369     15.991     0.1204      1.067   11.28774   11.27666 1.6002e-01     3.1197     3.4488    42.2229   999.7934  0.000e+00
     11.273     9.9833     9.9857    101.638  71.117371     16.033     0.1253      1.110   11.28911   11.27803 1.6444e-01     3.1112     3.4457    42.2555   999.7940  0.000e+00
     11.295     9.9807     9.9831    101.776  71.208857     16.065     0.1237      1.095   11.28977   11.27869 1.5867e-01     3.1069     3.4316    42.4050   999.7943  0.000e+00
     11.298     9.9792     9.9816    101.781  71.208858     16.069     0.1258      1.114   11.29019   11.27911 1.6153e-01     3.1091     3.4355    42.3636   999.7945  0.000e+00
     11.302     9.9778     9.9802    101.784  71.208858     16.076     0.1192      1.056   11.29055   11.27947 1.5707e-01     3.0412     3.4375    42.3428   999.7946  0.000e+00
     11.331     9.9799     9.9823    101.779  71.208858     16.116     0.1220      1.081   11.29000   11.27892 1.5401e-01     3.0243     3.4239    42.4865   999.7946  0.000e+00
     11.370     9.9820     9.9844    101.772  71.208858     16.172     0.1257      1.113   11.28944   11.27836 1.5443e-01     2.9882     3.4302    42.4198   999.7946  0.000e+00
     11.403     9.9773     9.9797    101.655  71.117373     16.219     0.1224      1.084   11.29069   11.27961 1.5707e-01     2.9522     3.4284    42.4391   999.7951  0.000e+00
     11.422     9.9728     9.9752    101.930  71.300347     16.246     0.1244      1.102   11.29187   11.28079 1.5686e-01     2.9755     3.4291    42.4317   999.7957  0.000e+00
     11.444     9.9722     9.9746    101.801  71.208860     16.277     0.1201      1.064   11.29204   11.28096 1.5359e-01     2.9819     3.4298    42.4243   999.7958  0.000e+00
     11.480     9.9695     9.9719    101.939  71.300348     16.329     0.1255      1.111   11.29276   11.28168 1.5236e-01     2.9925     3.4203    42.5250   999.7963  0.000e+00
     11.521     9.9655     9.9679    101.951  71.300349     16.387     0.1191      1.055   11.29383   11.28275 1.5433e-01     2.9988     3.4245    42.4805   999.7968  0.000e+00
     11.555     9.9600     9.9624    101.836  71.208864     16.435     0.1248      1.105   11.29528   11.28420 1.5021e-01     2.9925     3.4469    42.2436   999.7974  0.000e+00
     11.587     9.9576     9.9600    101.974  71.300351     16.480     0.1179      1.044   11.29593   11.28485 1.4881e-01     2.9628     3.4577    42.1296   999.7978  0.000e+00
     11.619     9.9545     9.9569    101.983  71.300352     16.526     0.1168      1.034   11.29676   11.28568 1.4877e-01     2.9479     3.4255    42.4702   999.7982  0.000e+00
     11.643     9.9495     9.9519    101.998  71.300354     16.560     0.1176      1.041   11.29810   11.28702 1.4796e-01     2.9098     3.4366    42.3517   999.7988  0.000e+00
     11.686     9.9464     9.9488    102.007  71.300355     16.621     0.1168      1.034   11.29891   11.28783 1.4684e-01     2.8928     3.4411    42.3044   999.7993  0.000e+00
     11.732     9.9439     9.9463    102.232  71.452834     16.687     0.1165      1.031   11.29957   11.28849 1.4540e-01     2.9267     3.4361    42.3577   999.7998  0.000e+00
     11.768     9.9364     9.9388    102.167  71.391844     16.738     0.1184      1.048   11.30158   11.29050 1.4769e-01     2.9267     3.4464    42.2481   999.8006  0.000e+00
     11.803     9.9294     9.9318    102.275  71.452838     16.788     0.1211      1.071   11.30345   11.29237 1.4752e-01     2.8589     3.4331    42.3887   999.8014  0.000e+00
     11.859     9.9254     9.9278    102.199  71.391848     16.868     0.1098      0.971   11.30451   11.29343 1.4597e-01     2.8356     3.4656    42.0467   999.8020  0.000e+00
     11.920     9.9207     9.9231    102.431  71.544328     16.954     0.1191      1.053   11.30575   11.29467 1.4577e-01     2.8208     3.4406    42.3103   999.8028  0.000e+00
     11.959     9.9150     9.9174    102.317  71.452842     17.010     0.1183      1.046   11.30728   11.29620 1.4457e-01     2.8165     3.4492    42.2185   999.8034  0.000e+00
     12.001     9.9100     9.9124    102.463  71.544331     17.069     0.1177      1.041   11.30861   11.29754 1.4081e-01     2.8144     3.4266    42.4583   999.8041  0.000e+00
     12.055     9.9070     9.9093    102.472  71.544332     17.146     0.1118      0.988   11.30942   11.29835 1.3803e-01     2.7593     3.4149    42.5827   999.8046  0.000e+00
     12.101     9.9047     9.9071    102.478  71.544333     17.212     0.1115      0.986   11.31003   11.29895 1.3848e-01     2.8229     3.3937    42.8092   999.8050  0.000e+00
     12.134     9.9034     9.9058    102.482  71.544334     17.259     0.1094      0.967   11.31037   11.29930 1.4110e-01     2.7911     3.3845    42.9070   999.8053  0.000e+00
     12.189     9.9029     9.9052    102.615  71.635822     17.337     0.1036      0.916   11.31051   11.29943 1.4224e-01     2.7550     3.3410    43.3763   999.8056  0.000e+00
     12.247     9.9020     9.9044    102.530  71.574831     17.420     0.1098      0.971   11.31075   11.29967 1.4182e-01     2.7084     3.3535    43.2416   999.8060  0.000e+00
     12.280     9.9005     9.9029    102.491  71.544335     17.466     0.1049      0.928   11.31114   11.30006 1.4250e-01     3.1705     3.3753    43.0062   999.8062  0.000e+00
     12.303     9.8991     9.9015    102.495  71.544336     17.499     0.1051      0.929   11.31151   11.30043 1.3791e-01     3.1960     3.3241    43.5599   999.8065  0.000e+00
     12.336     9.8986     9.9009    102.627  71.635824     17.546     0.1060      0.937   11.31166   11.30059 1.4091e-01     3.2426     3.3104    43.7095   999.8067  0.000e+00
     12.376     9.8983     9.9006    102.628  71.635825     17.602     0.1111      0.982   11.31174   11.30066 1.3778e-01     3.2299     3.3123    43.6887   999.8069  0.000e+00
     12.416     9.8973     9.8996    102.500  71.544337     17.660     0.1087      0.961   11.31201   11.30093 1.3959e-01     3.0730     3.3380    43.4089   999.8072  0.000e+00
     12.452     9.8962     9.8986    102.634  71.635826     17.710     0.1088      0.962   11.31229   11.30121 1.3822e-01     2.9628     3.3330    43.4637   999.8075  0.000e+00
     12.489     9.8947     9.8971    102.639  71.635826     17.763     0.1080      0.955   11.31269   11.30161 1.3581e-01     2.8780     3.3230    43.5718   999.8078  0.000e+00
     12.528     9.8917     9.8941    102.735  71.696820     17.820     0.1089      0.962   11.31348   11.30241 1.3605e-01     2.8229     3.3028    43.7924   999.8082  0.000e+00
     12.570     9.8894     9.8918    102.654  71.635828     17.879     0.1092      0.965   11.31411   11.30303 1.3609e-01     2.7614     3.3072    43.7450   999.8086  0.000e+00
     12.613     9.8871     9.8895    102.530  71.544341     17.940     0.1097      0.969   11.31472   11.30364 1.3781e-01     2.7084     3.3297    43.4992   999.8090  0.000e+00
     12.655     9.8859     9.8883    102.752  71.696822     17.999     0.1070      0.946   11.31504   11.30396 1.3593e-01     2.6766     3.3297    43.4992   999.8094  0.000e+00
     12.694     9.8850     9.8874    102.755  71.696822     18.056     0.1063      0.940   11.31527   11.30420 1.3715e-01     2.6999     3.3125    43.6873   999.8096  0.000e+00
     12.737     9.8843     9.8866    102.757  71.696823     18.117     0.1087      0.961   11.31548   11.30440 1.3787e-01     2.6448     3.3293    43.5037   999.8099  0.000e+00
     12.788     9.8843     9.8866    102.757  71.696823     18.188     0.1062      0.939   11.31548   11.30440 1.3361e-01     2.6215     3.3406    43.3808   999.8101  0.000e+00
     12.824     9.8843     9.8867    102.669  71.635831     18.240     0.1029      0.909   11.31546   11.30439 1.3559e-01     2.5897     3.3167    43.6414   999.8103  0.000e+00
     12.853     9.8840     9.8864    102.758  71.696824     18.281     0.1042      0.921   11.31554   11.30446 1.3640e-01     2.5430     3.3312    43.4829   999.8104  0.000e+00
     12.879     9.8838     9.8862    102.758  71.696824     18.318     0.1052      0.930   11.31560   11.30453 1.3574e-01     2.5473     3.3293    43.5037   999.8106  0.000e+00
     12.923     9.8841     9.8865    102.757  71.696824     18.381     0.1054      0.931   11.31552   11.30445 1.3787e-01     2.4816     3.3298    43.4977   999.8108  0.000e+00
     12.976     9.8839     9.8863    102.758  71.696824     18.456     0.1065      0.941   11.31557   11.30449 1.3772e-01     2.4964     3.3369    43.4207   999.8110  0.000e+00
     13.012     9.8827     9.8851    102.761  71.696825     18.507     0.1038      0.918   11.31588   11.30481 1.3787e-01     2.5536     3.3594    43.1779   999.8113  0.000e+00
     13.042     9.8816     9.8840    102.765  71.696825     18.549     0.1043      0.921   11.31618   11.30510 1.3331e-01     2.4943     3.3398    43.3897   999.8115  0.000e+00
     13.087     9.8808     9.8831    102.898  71.788315     18.613     0.1116      0.987   11.31641   11.30533 1.3759e-01     2.4498     3.3372    43.4178   999.8119  0.000e+00
     13.137     9.8804     9.8828    102.768  71.696826     18.685     0.1085      0.959   11.31651   11.30543 1.3309e-01     2.4328     3.3516    43.2623   999.8121  0.000e+00
     13.183     9.8795     9.8819    102.902  71.788316     18.751     0.1075      0.950   11.31674   11.30566 1.3398e-01     2.4604     3.3591    43.1809   999.8124  0.000e+00
     13.218     9.8781     9.8804    102.906  71.788316     18.801     0.1077      0.951   11.31712   11.30605 1.3364e-01     2.3925     3.3826    42.9277   999.8127  0.000e+00
     13.274     9.8769     9.8792    102.779  71.696828     18.881     0.1036      0.916   11.31746   11.30638 1.3706e-01     2.4519     3.3855    42.8966   999.8130  0.000e+00
     13.335     9.8758     9.8782    102.913  71.788318     18.967     0.1040      0.919   11.31773   11.30666 1.3475e-01     2.4455     3.4161    42.5694   999.8135  0.000e+00
     13.384     9.8739     9.8763    102.918  71.788318     19.037     0.1052      0.929   11.31823   11.30716 1.3463e-01     2.4519     3.4195    42.5338   999.8139  0.000e+00
     13.424     9.8715     9.8739    102.926  71.788319     19.093     0.0965      0.852   11.31889   11.30781 1.3233e-01     2.4116     3.4213    42.5146   999.8143  0.000e+00
     13.469     9.8689     9.8713    102.933  71.788320     19.157     0.0953      0.841   11.31957   11.30850 1.3512e-01     2.3947     3.4014    42.7263   999.8147  0.000e+00
     13.517     9.8671     9.8694    103.070  71.879810     19.226     0.0994      0.878   11.32007   11.30899 1.3515e-01     2.3565     3.4146    42.5857   999.8151  0.000e+00
     13.559     9.8651     9.8674    103.163  71.940804     19.285     0.0989      0.874   11.32059   11.30952 1.3911e-01     2.3629     3.4152    42.5797   999.8155  0.000e+00
     13.607     9.8637     9.8661    103.080  71.879812     19.354     0.0999      0.883   11.32095   11.30988 1.3556e-01     2.3798     3.4331    42.3887   999.8159  0.000e+00
     13.656     9.8627     9.8651    103.083  71.879812     19.423     0.0994      0.878   11.32124   11.31016 1.3494e-01     2.3947     3.4210    42.5176   999.8162  0.000e+00
     13.686     9.8613     9.8637    103.174  71.940806     19.467     0.0983      0.869   11.32159   11.31052 1.3349e-01     2.3862     3.4171    42.5590   999.8165  0.000e+00
     13.702     9.8601     9.8624    103.091  71.879813     19.489     0.0967      0.854   11.32194   11.31086 1.3463e-01     2.3692     3.4256    42.4687   999.8166  0.000e+00
     13.751     9.8595     9.8619    103.092  71.879813     19.559     0.0986      0.871   11.32208   11.31100 1.3331e-01     2.3183     3.4498    42.2126   999.8169  0.000e+00
     13.800     9.8591     9.8615    103.181  71.940807     19.628     0.0966      0.853   11.32218   11.31111 1.3649e-01     2.2971     3.4434    42.2807   999.8172  0.000e+00
     13.838     9.8581     9.8605    103.184  71.940807     19.682     0.0937      0.828   11.32245   11.31137 1.3383e-01     2.3268     3.4371    42.3473   999.8175  0.000e+00
     13.878     9.8569     9.8593    103.187  71.940808     19.739     0.0919      0.812   11.32278   11.31170 1.3522e-01     2.3141     3.4297    42.4258   999.8177  0.000e+00
     13.920     9.8561     9.8585    103.190  71.940809     19.800     0.0989      0.874   11.32299   11.31192 1.3303e-01     2.2971     3.4343    42.3769   999.8180  0.000e+00
     13.963     9.8556     9.8580    103.191  71.940809     19.860     0.1023      0.903   11.32312   11.31204 1.3303e-01     2.3056     3.4519    42.1903   999.8183  0.000e+00
     13.996     9.8550     9.8574    103.324  72.032299     19.907     0.1029      0.908   11.32327   11.31220 1.3227e-01     2.3374     3.4533    42.1755   999.8185  0.000e+00
     14.012     9.8543     9.8567    103.195  71.940810     19.929     0.1041      0.920   11.32346   11.31239 1.3515e-01     2.3374     3.4446    42.2673   999.8186  0.000e+00
     14.040     9.8542     9.8565    103.196  71.940810     19.970     0.1016      0.897   11.32351   11.31243 1.3627e-01     2.3035     3.4508    42.2022   999.8187  0.000e+00
     14.079     9.8548     9.8571    103.325  72.032300     20.025     0.0984      0.869   11.32335   11.31227 1.3484e-01     2.2759     3.4542    42.1667   999.8189  0.000e+00
     14.102     9.8543     9.8567    103.414  72.093294     20.057     0.1000      0.883   11.32347   11.31240 1.3497e-01     2.2272     3.4908    41.7817   999.8191  0.000e+00
     14.116     9.8538     9.8562    103.328  72.032300     20.078     0.0953      0.841   11.32360   11.31252 1.3343e-01     2.2357     3.4921    41.7684   999.8192  0.000e+00
     14.156     9.8542     9.8565    103.327  72.032300     20.134     0.0871      0.769   11.32350   11.31243 1.3602e-01     2.2463     3.5055    41.6292   999.8193  0.000e+00
     14.208     9.8546     9.8569    103.457  72.123791     20.209     0.0886      0.783   11.32339   11.31232 1.3487e-01     2.2463     3.4978    41.7091   999.8196  0.000e+00
     14.251     9.8535     9.8559    103.460  72.123792     20.270     0.0945      0.834   11.32367   11.31260 1.3319e-01     2.2420     3.5066    41.6173   999.8199  0.000e+00
     14.278     9.8520     9.8543    103.333  72.032302     20.307     0.0976      0.862   11.32410   11.31302 1.3420e-01     2.1721     3.5234    41.4426   999.8201  0.000e+00
     14.312     9.8511     9.8535    103.336  72.032302     20.356     0.1005      0.888   11.32433   11.31326 1.3191e-01     2.1869     3.5266    41.4101   999.8203  0.000e+00
     14.356     9.8507     9.8531    103.556  72.184787     20.418     0.0967      0.854   11.32442   11.31334 1.3637e-01     2.1636     3.5478    41.1909   999.8207  0.000e+00
     14.388     9.8502     9.8525    103.557  72.184787     20.465     0.0944      0.833   11.32457   11.31350 1.3206e-01     2.1721     3.5510    41.1583   999.8209  0.000e+00
     14.424     9.8493     9.8517    103.472  72.123794     20.515     0.0989      0.874   11.32479   11.31372 1.3665e-01     2.1593     3.5626    41.0384   999.8211  0.000e+00
     14.466     9.8489     9.8512    103.561  72.184788     20.576     0.1001      0.884   11.32492   11.31384 1.3328e-01     2.1805     3.5663    41.0014   999.8213  0.000e+00
