data/ctd_cnv_files/2024.01.25 Okaro 2 124.cnv
* Sea-Bird SBE19plus Data File:
* FileName = C:\Users\instrument\Desktop\Iola Rosa. CTD Cast. July.23\Jsanuary 2024\Iola Rosa Jan124.24.hex
* Software Version 1.59
* Temperature SN =  4268
* Conductivity SN =  4268
* System UpLoad Time = Feb 01 2024 08:54:22
* ds
* SeacatPlus V 1.6  SERIAL NO. 4268    01 Feb 2024  08:53:08
# nquan = 16
# nvalues = 700                                   
# units = specified
# name 0 = depFM: Depth [fresh water, m]
# name 1 = tv290C: Temperature [ITS-90, deg C]
# name 2 = tv268C: Temperature [IPTS-68, deg C]
# name 3 = specc: Specific Conductance [uS/cm]
# name 4 = c0uS/cm: Conductivity [uS/cm]
# name 5 = prdE: Pressure, Strain Gauge [psi]
# name 6 = sbeox0Mg/L: Oxygen, SBE 43 [mg/l]
# name 7 = sbeox0PS: Oxygen, SBE 43 [% saturation]
# name 8 = oxsolMg/L: Oxygen Saturation, Garcia & Gordon [mg/l]
# name 9 = oxsatMg/L: Oxygen Saturation, Weiss [mg/l]
# name 10 = par: PAR/Irradiance, Biospherical/Licor
# name 11 = flCM: Fluorescence, Chelsea Mini Chl Con [ug/l]
# name 12 = bat: Beam Attenuation, Chelsea/Seatech [1/m]
# name 13 = xmiss: Beam Transmission, Chelsea/Seatech [%]
# name 14 = density00: Density [density, kg/m^3]
# name 15 = flag:  0.000e+00
# span 0 =     -0.604,     15.906                 
# span 1 =     9.7491,    23.9700                 
# span 2 =     9.7514,    23.9758                 
# span 3 =     91.495,    240.118                 
# span 4 =  68.189927, 167.039663                 
# span 5 =     -0.859,     22.624                 
# span 6 =    -0.9533,     9.3450                 
# span 7 =     -9.199,    110.893                 
# span 8 =    8.42032,   11.35171                 
# span 9 =    8.40134,   11.34064                 
# span 10 = 1.0552e-01, 2.7174e+02                
# span 11 =     1.4873,    57.1686                
# span 12 =     1.8115,     4.8819                
# span 13 =    29.5088,    63.5795                
# span 14 =   997.3413,   999.8842                
# span 15 = 0.0000e+00, 0.0000e+00                
# interval = seconds: 0.25
# start_time = Jan 25 2024 13:55:48 [Instrument's time stamp, header]
# bad_flag = -9.990e-29
*END*
[from data line 633]
     11.377     9.8424     9.8448    100.299  69.897628     16.182     0.1370      1.210   11.32675   11.31568 1.3303e-01     3.3740     2.5877    52.3652   999.8062  0.000e+00
     11.464     9.8384     9.8407    100.529  70.050097     16.305     0.1344      1.187   11.32782   11.31675 1.2863e-01     3.2681     2.5019    53.5009   999.8071  0.000e+00
     11.534     9.8333     9.8356    100.675  70.141580     16.405     0.1274      1.124   11.32919   11.31812 1.2566e-01     3.1684     2.4706    53.9214   999.8079  0.000e+00
     11.600     9.8262     9.8286    100.827  70.233064     16.499     0.1305      1.151   11.33107   11.32000 1.2635e-01     3.1112     2.4381    54.3611   999.8089  0.000e+00
     11.668     9.8198     9.8222    100.977  70.324548     16.596     0.1327      1.171   11.33279   11.32171 1.2612e-01     3.0200     2.4002    54.8779   999.8098  0.000e+00
     11.745     9.8150     9.8173    100.859  70.233067     16.706     0.1301      1.148   11.33408   11.32301 1.2244e-01     2.9458     2.4015    54.8601   999.8105  0.000e+00
     11.806     9.8113     9.8137    100.870  70.233069     16.791     0.1239      1.093   11.33507   11.32399 1.2063e-01     2.8886     2.3566    55.4805   999.8111  0.000e+00
     11.865     9.8083     9.8107    100.747  70.141588     16.876     0.1227      1.082   11.33587   11.32479 1.1940e-01     2.8695     2.3335    55.8018   999.8116  0.000e+00
     11.941     9.8061     9.8085    101.016  70.324553     16.984     0.1297      1.144   11.33645   11.32538 1.2085e-01     2.7572     2.3204    55.9839   999.8123  0.000e+00
     12.017     9.8048     9.8072    101.108  70.385542     17.092     0.1279      1.128   11.33679   11.32572 1.1885e-01     2.7020     2.2823    56.5199   999.8127  0.000e+00
     12.091     9.8038     9.8062    100.892  70.233072     17.198     0.1233      1.088   11.33708   11.32601 1.2030e-01     2.6575     2.2622    56.8041   999.8131  0.000e+00
     12.155     9.8030     9.8054    101.025  70.324555     17.288     0.1222      1.077   11.33728   11.32620 1.1992e-01     2.6469     2.2289    57.2794   999.8135  0.000e+00
     12.232     9.8021     9.8044    100.897  70.233074     17.398     0.1199      1.058   11.33755   11.32647 1.1839e-01     2.5854     2.1928    57.7991   999.8139  0.000e+00
     12.312     9.8009     9.8033    100.900  70.233074     17.512     0.1205      1.063   11.33784   11.32677 1.1539e-01     2.5600     2.1484    58.4447   999.8144  0.000e+00
     12.380     9.8001     9.8025    101.034  70.324557     17.609     0.1196      1.055   11.33806   11.32698 1.1587e-01     2.4858     2.1143    58.9451   999.8148  0.000e+00
     12.453     9.7997     9.8020    100.904  70.233076     17.712     0.1197      1.056   11.33819   11.32711 1.1534e-01     2.4561     2.0927    59.2635   999.8152  0.000e+00
     12.537     9.7991     9.8015    100.774  70.141595     17.832     0.1165      1.027   11.33833   11.32726 1.1420e-01     2.4010     2.0695    59.6085   999.8156  0.000e+00
     12.618     9.7979     9.8003    101.128  70.385548     17.946     0.1201      1.060   11.33865   11.32757 1.1544e-01     2.3099     2.0471    59.9431   999.8162  0.000e+00
     12.699     9.7964     9.7988    101.132  70.385549     18.062     0.1145      1.009   11.33905   11.32798 1.1436e-01     2.2272     2.0448    59.9771   999.8167  0.000e+00
     12.785     9.7953     9.7977    101.135  70.385549     18.184     0.1192      1.051   11.33935   11.32828 1.1309e-01     2.1975     2.0382    60.0763   999.8172  0.000e+00
     12.861     9.7934     9.7958    101.141  70.385550     18.293     0.1206      1.064   11.33985   11.32878 1.1290e-01     2.2208     2.0171    60.3947   999.8177  0.000e+00
     12.935     9.7912     9.7936    101.147  70.385551     18.398     0.1164      1.027   11.34044   11.32937 1.1363e-01     2.1996     2.0147    60.4302   999.8182  0.000e+00
     13.015     9.7888     9.7912    101.417  70.568519     18.512     0.1102      0.972   11.34107   11.33000 1.1200e-01     2.1593     1.9955    60.7219   999.8189  0.000e+00
     13.088     9.7863     9.7887    101.644  70.720993     18.615     0.1102      0.972   11.34174   11.33066 1.1177e-01     2.1509     1.9753    61.0284   999.8195  0.000e+00
     13.149     9.7836     9.7859    101.520  70.629510     18.703     0.1132      0.998   11.34249   11.33142 1.1032e-01     2.0809     1.9787    60.9766   999.8200  0.000e+00
     13.209     9.7810     9.7833    101.309  70.477038     18.787     0.1066      0.940   11.34319   11.33211 1.1226e-01     2.0131     1.9628    61.2194   999.8204  0.000e+00
     13.293     9.7791     9.7815    101.314  70.477039     18.908     0.1123      0.990   11.34368   11.33261 1.1231e-01     1.9749     1.9615    61.2401   999.8210  0.000e+00
     13.387     9.7770     9.7793    101.539  70.629513     19.040     0.1093      0.963   11.34426   11.33318 1.1180e-01     1.9601     1.9580    61.2934   999.8217  0.000e+00
     13.466     9.7731     9.7754    101.814  70.812483     19.153     0.1079      0.951   11.34529   11.33422 1.0896e-01     1.9092     1.9400    61.5703   999.8225  0.000e+00
     13.547     9.7702     9.7725    101.472  70.568526     19.269     0.1188      1.047   11.34608   11.33501 1.1116e-01     1.8922     1.9416    61.5451   999.8230  0.000e+00
     13.633     9.7676     9.7699    101.567  70.629517     19.390     0.1160      1.022   11.34678   11.33571 1.0987e-01     1.8901     1.9212    61.8590   999.8237  0.000e+00
     13.717     9.7658     9.7682    101.572  70.629518     19.511     0.1154      1.017   11.34725   11.33618 1.0979e-01     1.9452     1.9146    61.9627   999.8242  0.000e+00
     13.791     9.7644     9.7668    101.576  70.629518     19.616     0.1071      0.944   11.34763   11.33655 1.0939e-01     1.8986     1.8864    62.4009   999.8247  0.000e+00
     13.860     9.7634     9.7658    101.711  70.721003     19.714     0.1036      0.913   11.34789   11.33681 1.0987e-01     1.8286     1.8774    62.5416   999.8251  0.000e+00
     13.934     9.7629     9.7653    101.581  70.629520     19.819     0.1059      0.934   11.34803   11.33696 1.0879e-01     1.8138     1.8610    62.7977   999.8255  0.000e+00
     14.023     9.7622     9.7646    101.714  70.721004     19.945     0.1051      0.926   11.34822   11.33714 1.0797e-01     1.8732     1.8512    62.9517   999.8260  0.000e+00
     14.102     9.7616     9.7639    101.716  70.721005     20.058     0.1032      0.910   11.34839   11.33731 1.0889e-01     1.8329     1.8411    63.1116   999.8264  0.000e+00
     14.176     9.7612     9.7635    101.717  70.721006     20.162     0.1015      0.894   11.34850   11.33742 1.0859e-01     1.8244     1.8358    63.1945   999.8268  0.000e+00
     14.255     9.7605     9.7629    101.938  70.873481     20.275     0.1055      0.930   11.34866   11.33759 1.0939e-01     1.7990     1.8323    63.2493   999.8273  0.000e+00
     14.344     9.7595     9.7618    102.073  70.964967     20.402     0.1055      0.930   11.34894   11.33786 1.0684e-01     1.8159     1.8284    63.3115   999.8279  0.000e+00
     14.424     9.7580     9.7603    102.209  71.056453     20.516     0.1073      0.946   11.34934   11.33827 1.0979e-01     1.8117     1.8205    63.4374   999.8284  0.000e+00
     14.495     9.7564     9.7587    102.214  71.056454     20.617     0.1040      0.916   11.34976   11.33869 1.0921e-01     1.7290     1.8154    63.5173   999.8289  0.000e+00
     14.573     9.7555     9.7578    102.304  71.117445     20.728     0.1005      0.885   11.35001   11.33893 1.0889e-01     1.6718     1.8261    63.3485   999.8294  0.000e+00
     14.643     9.7542     9.7565    102.220  71.056455     20.827     0.1074      0.946   11.35035   11.33928 1.0569e-01     1.7290     1.8324    63.2478   999.8298  0.000e+00
     14.704     9.7530     9.7554    101.960  70.873485     20.914     0.1060      0.934   11.35067   11.33960 1.0552e-01     1.7311     1.8417    63.1013   999.8301  0.000e+00
     14.781     9.7522     9.7545    102.226  71.056457     21.024     0.1095      0.965   11.35090   11.33983 1.1014e-01     1.6633     1.8505    62.9621   999.8306  0.000e+00
     14.855     9.7518     9.7542    102.447  71.208934     21.128     0.1087      0.958   11.35099   11.33991 1.0699e-01     1.6506     1.8488    62.9902   999.8311  0.000e+00
     14.926     9.7510     9.7533    102.317  71.117449     21.230     0.1042      0.918   11.35121   11.34014 1.0864e-01     1.5955     1.8453    63.0450   999.8314  0.000e+00
     15.004     9.7500     9.7523    102.233  71.056459     21.341     0.1054      0.928   11.35149   11.34042 1.0916e-01     1.6908     1.8391    63.1427   999.8318  0.000e+00
     15.082     9.7494     9.7517    102.234  71.056459     21.452     0.1003      0.884   11.35165   11.34058 1.0733e-01     1.6357     1.8499    62.9724   999.8323  0.000e+00
     15.150     9.7491     9.7514    102.718  71.391911     21.549     0.0937      0.825   11.35171   11.34064 1.0837e-01     1.6039     1.8337    63.2271   999.8328  0.000e+00
     15.224     9.7491     9.7515    102.718  71.391911     21.653     0.0930      0.820   11.35170   11.34062 1.1270e-01     1.5721     1.8293    63.2967   999.8331  0.000e+00
     15.310     9.7496     9.7519    102.716  71.391912     21.775     0.0940      0.828   11.35157   11.34050 1.0941e-01     1.5552     1.8403    63.1235   999.8335  0.000e+00
     15.379     9.7496     9.7519    102.936  71.544391     21.874     0.0974      0.858   11.35156   11.34049 1.0941e-01     1.5064     1.8351    63.2064   999.8339  0.000e+00
     15.445     9.7495     9.7519    103.506  71.940844     21.968     0.1001      0.881   11.35156   11.34049 1.1314e-01     1.5552     1.8225    63.4048   999.8344  0.000e+00
     15.525     9.7496     9.7519    102.716  71.391913     22.082     0.0974      0.858   11.35157   11.34050 1.1252e-01     1.6485     1.8115    63.5795   999.8345  0.000e+00
     15.605     9.7493     9.7517    129.275  89.850320     22.196     0.0985      0.868   11.35077   11.33970 1.1106e-01     1.6039     1.8299    63.2878   999.8445  0.000e+00
     15.666     9.7503     9.7526    213.888 148.663675     22.282     0.0995      0.877   11.34765   11.33659 1.0957e-01     1.5827     1.8419    63.0983   999.8757  0.000e+00
     15.701     9.7557     9.7580    228.787 159.044066     22.332     0.1017      0.896   11.34569   11.33464 1.0954e-01     1.5912     1.8392    63.1412   999.8810  0.000e+00
     15.747     9.7590     9.7613    234.273 162.872985     22.397     0.0965      0.850   11.34463   11.33358 1.1070e-01     1.5552     1.8437    63.0702   999.8830  0.000e+00
     15.779     9.7597     9.7620    235.458 163.700127     22.443     0.0962      0.848   11.34440   11.33335 1.1035e-01     1.5721     1.8439    63.0672   999.8835  0.000e+00
     15.808     9.7609     9.7632    236.552 164.466029     22.485     0.0916      0.807   11.34403   11.33298 1.0949e-01     1.5403     1.8739    62.5949   999.8839  0.000e+00
     15.850     9.7636     9.7659    236.622 164.527302     22.544     0.0954      0.841   11.34331   11.33226 1.0989e-01     1.5340     1.8447    63.0539   999.8839  0.000e+00
     15.874     9.7665     9.7688    237.219 164.956220     22.579     0.0986      0.870   11.34251   11.33146 1.0984e-01     1.4873     1.8443    63.0598   999.8840  0.000e+00
     15.890     9.7705     9.7728    238.028 165.538337     22.601     0.1011      0.891   11.34141   11.33036 1.1080e-01     1.6315     1.8499    62.9724   999.8840  0.000e+00
     15.900     9.7750     9.7774    239.407 166.518783     22.615     0.1026      0.905   11.34014   11.32909 1.1025e-01     1.6082     1.8561    62.8747   999.8842  0.000e+00
     15.906     9.7804     9.7828    240.118 167.039663     22.624     0.0959      0.845   11.33867   11.32762 1.0997e-01     1.5679     1.8782    62.5283   999.8841  0.000e+00
