data/ctd_cnv_files/2024.03.08 Okaro 1.1 139 CTD transition .cnv
* Sea-Bird SBE19plus  Data File:
* FileName = C:\Users\dcastle\Documents\CTD\SBE19plus_01908200_2024_03_12_0139.hex
* Software version 2.8.0.119
* Temperature SN = 8200
* Conductivity SN = 8200
* System UpLoad Time = Mar 12 2024 09:34:09
* <ApplicationData>
* <Seaterm232>
# nquan = 11
# nvalues = 1291                                  
# units = specified
# name 0 = depFM: Depth [fresh water, m]
# name 1 = tv290C: Temperature [ITS-90, deg C]
# name 2 = tv268C: Temperature [IPTS-68, deg C]
# name 3 = specc: Specific Conductance [uS/cm]
# name 4 = c0uS/cm: Conductivity [uS/cm]
# name 5 = prdE: Pressure, Strain Gauge [psi]
# name 6 = oxsolMg/L: Oxygen Saturation, Garcia & Gordon [mg/l]
# name 7 = oxsatMg/L: Oxygen Saturation, Weiss [mg/l]
# name 8 = par/sat/log: PAR/Logarithmic, Satlantic
# name 9 = density00: Density [density, kg/m^3]
# name 10 = flag:  0.000e+00
# span 0 =     -0.553,     16.059                 
# span 1 =     9.8762,    19.5110                 
# span 2 =     9.8786,    19.5157                 
# span 3 =      3.529,    234.561                 
# span 4 =   3.101990, 163.644603                 
# span 5 =     -0.786,     22.841                 
# span 6 =    9.17878,   11.31743                 
# span 7 =    9.16289,   11.30636                 
# span 8 = 1.1258e-01, 2.6999e+03                 
# span 9 =   998.3312,   999.8741                 
# span 10 = 0.0000e+00, 0.0000e+00                
# interval = seconds: 0.25
# start_time = Mar 09 2024 08:49:04 [Instrument's time stamp, header]
# bad_flag = -9.990e-29
*END*
[from data line 1050]
      3.917    19.5051    19.5098     98.449  87.639298      5.572    9.17986    9.16397 5.2337e+01   998.3620  0.000e+00
      3.915    19.5049    19.5096     98.517  87.698748      5.569    9.17989    9.16401 5.1938e+01   998.3620  0.000e+00
      3.916    19.5051    19.5098     98.516  87.698748      5.570    9.17986    9.16397 5.3647e+01   998.3620  0.000e+00
      3.915    19.5047    19.5093     98.450  87.639298      5.569    9.17994    9.16406 5.4166e+01   998.3621  0.000e+00
      3.921    19.5040    19.5087     98.452  87.639299      5.577    9.18006    9.16418 5.5050e+01   998.3622  0.000e+00
      3.926    19.5043    19.5090     98.451  87.639299      5.584    9.18001    9.16413 5.4427e+01   998.3622  0.000e+00
      3.936    19.5043    19.5090     98.451  87.639299      5.598    9.18001    9.16413 5.6304e+01   998.3622  0.000e+00
      3.972    19.5037    19.5084     98.519  87.698749      5.649    9.18011    9.16423 5.2797e+01   998.3625  0.000e+00
      4.025    19.5031    19.5078     98.454  87.639300      5.725    9.18023    9.16435 5.1700e+01   998.3629  0.000e+00
      4.073    19.5035    19.5082     98.453  87.639300      5.793    9.18016    9.16428 5.1115e+01   998.3630  0.000e+00
      4.115    19.5045    19.5092     98.451  87.639300      5.853    9.17998    9.16409 4.9791e+01   998.3630  0.000e+00
      4.164    19.5049    19.5096     98.550  87.728475      5.923    9.17989    9.16401 4.8799e+01   998.3632  0.000e+00
      4.213    19.5051    19.5098     98.449  87.639301      5.992    9.17986    9.16397 4.7785e+01   998.3633  0.000e+00
      4.273    19.5054    19.5101     98.516  87.698751      6.077    9.17981    9.16392 4.6041e+01   998.3636  0.000e+00
      4.338    19.5055    19.5102     98.449  87.639302      6.170    9.17979    9.16391 4.5025e+01   998.3638  0.000e+00
      4.403    19.5037    19.5084     98.452  87.639303      6.263    9.18011    9.16423 4.3211e+01   998.3645  0.000e+00
      4.471    19.5014    19.5060     98.525  87.698753      6.360    9.18055    9.16467 4.1406e+01   998.3653  0.000e+00
      4.522    19.5005    19.5052     98.526  87.698754      6.433    9.18070    9.16482 4.1073e+01   998.3657  0.000e+00
      4.569    19.5017    19.5064     98.457  87.639305      6.499    9.18048    9.16460 3.9939e+01   998.3656  0.000e+00
      4.640    19.5021    19.5068     98.523  87.698754      6.599    9.18041    9.16453 3.8087e+01   998.3659  0.000e+00
      4.696    19.5015    19.5062     98.524  87.698755      6.680    9.18051    9.16463 3.8146e+01   998.3662  0.000e+00
      4.734    19.5019    19.5066     98.457  87.639306      6.734    9.18045    9.16457 3.8121e+01   998.3663  0.000e+00
      4.763    19.5030    19.5077     98.454  87.639306      6.774    9.18025    9.16436 3.7190e+01   998.3662  0.000e+00
      4.820    19.5034    19.5081     98.520  87.698756      6.856    9.18018    9.16429 3.5903e+01   998.3664  0.000e+00
      4.877    19.5029    19.5076     98.521  87.698756      6.936    9.18026    9.16438 3.5489e+01   998.3668  0.000e+00
      4.917    19.5020    19.5067     98.456  87.639307      6.993    9.18043    9.16455 3.4623e+01   998.3671  0.000e+00
      4.949    19.5021    19.5068     98.456  87.639308      7.040    9.18042    9.16453 3.3674e+01   998.3672  0.000e+00
      5.009    19.5022    19.5069     98.456  87.639308      7.125    9.18040    9.16452 3.2730e+01   998.3675  0.000e+00
      5.074    19.5020    19.5067     98.523  87.698758      7.217    9.18043    9.16455 3.1535e+01   998.3679  0.000e+00
      5.138    19.5019    19.5066     98.457  87.639309      7.309    9.18045    9.16457 3.0604e+01   998.3681  0.000e+00
      5.192    19.5023    19.5070     98.456  87.639310      7.384    9.18038    9.16450 2.9688e+01   998.3683  0.000e+00
      5.249    19.5026    19.5072     98.455  87.639310      7.466    9.18033    9.16445 2.8811e+01   998.3685  0.000e+00
      5.297    19.5028    19.5075     98.521  87.698760      7.534    9.18028    9.16440 2.8541e+01   998.3687  0.000e+00
      5.348    19.5025    19.5071     98.455  87.639311      7.607    9.18035    9.16446 2.7851e+01   998.3690  0.000e+00
      5.388    19.5025    19.5071     98.455  87.639311      7.664    9.18035    9.16446 2.7141e+01   998.3691  0.000e+00
      5.437    19.5029    19.5076     98.454  87.639311      7.734    9.18026    9.16438 2.6629e+01   998.3693  0.000e+00
      5.485    19.5027    19.5074     98.455  87.639312      7.802    9.18030    9.16441 2.6030e+01   998.3695  0.000e+00
      5.535    19.5026    19.5072     98.455  87.639312      7.873    9.18033    9.16445 2.5245e+01   998.3698  0.000e+00
      5.594    19.5026    19.5072     98.455  87.639313      7.956    9.18033    9.16445 2.4170e+01   998.3701  0.000e+00
      5.657    19.5026    19.5072     98.522  87.698763      8.046    9.18033    9.16445 2.3436e+01   998.3704  0.000e+00
      5.703    19.5013    19.5060     98.525  87.698763      8.112    9.18056    9.16468 2.2799e+01   998.3708  0.000e+00
      5.741    19.5004    19.5050     98.460  87.639315      8.166    9.18073    9.16485 2.2379e+01   998.3712  0.000e+00
      5.787    19.4986    19.5033     98.464  87.639316      8.231    9.18105    9.16517 2.1809e+01   998.3717  0.000e+00
      5.834    19.4985    19.5032     98.464  87.639316      8.298    9.18107    9.16519 2.1197e+01   998.3719  0.000e+00
      5.877    19.4964    19.5011     98.469  87.639317      8.359    9.18146    9.16558 2.0843e+01   998.3726  0.000e+00
      5.920    19.4886    19.4933     98.419  87.579870      8.420    9.18289    9.16702 2.0423e+01   998.3743  0.000e+00
      5.962    19.4805    19.4852     98.370  87.520424      8.480    9.18439    9.16852 1.9955e+01   998.3761  0.000e+00
      6.018    19.4530    19.4577     97.729  86.896227      8.560    9.18947    9.17362 1.9477e+01   998.3817  0.000e+00
      6.079    19.3418    19.3465     97.606  86.569303      8.647    9.20999    9.19423 1.8960e+01   998.4041  0.000e+00
      6.127    19.2092    19.2139     97.831  86.509894      8.715    9.23456    9.21890 1.8741e+01   998.4308  0.000e+00
      6.156    19.1158    19.1204     98.106  86.569367      8.756    9.25195    9.23635 1.8667e+01   998.4495  0.000e+00
      6.179    19.0599    19.0644     98.163  86.509937      8.789    9.26239    9.24684 1.8557e+01   998.4606  0.000e+00
      6.228    19.0263    19.0309     98.170  86.450500      8.858    9.26865    9.25313 1.8148e+01   998.4674  0.000e+00
      6.289    19.0055    19.0100     98.149  86.391061      8.945    9.27256    9.25705 1.7837e+01   998.4717  0.000e+00
      6.355    18.9892    18.9937     98.017  86.242452      9.039    9.27561    9.26011 1.7482e+01   998.4752  0.000e+00
      6.410    18.9391    18.9437     97.621  85.796632      9.116    9.28501    9.26954 1.7044e+01   998.4851  0.000e+00
      6.433    18.8222    18.8267     97.543  85.499447      9.150    9.30700    9.29162 1.7148e+01   998.5079  0.000e+00
      6.454    18.6860    18.6905     98.051  85.677815      9.180    9.33272    9.31744 1.6701e+01   998.5345  0.000e+00
      6.507    18.6354    18.6399     97.449  85.053680      9.256    9.34232    9.32709 1.6197e+01   998.5442  0.000e+00
      6.568    18.5263    18.5308     96.738  84.221542      9.342    9.36308    9.34792 1.5729e+01   998.5651  0.000e+00
      6.621    18.3154    18.3198     96.112  83.270591      9.418    9.40344    9.38844 1.5291e+01   998.6051  0.000e+00
      6.688    17.9981    18.0024     96.510  83.003214      9.512    9.46470    9.44994 1.4717e+01   998.6647  0.000e+00
      6.744    17.7221    17.7263     96.299  82.290069      9.592    9.51860    9.50403 1.4370e+01   998.7155  0.000e+00
      6.799    17.4325    17.4367     96.151  81.606668      9.671    9.57574    9.56138 1.3873e+01   998.7679  0.000e+00
      6.868    17.0905    17.0946     95.803  80.655870      9.768    9.64404    9.62992 1.3161e+01   998.8286  0.000e+00
      6.941    16.6865    16.6905     95.948  80.002265      9.872    9.72584    9.71200 1.2675e+01   998.8987  0.000e+00
      7.005    16.3038    16.3077     95.938  79.259536      9.963    9.80449    9.79090 1.2300e+01   998.9633  0.000e+00
      7.069    15.9457    15.9495     96.160  78.754520     10.054    9.87911    9.86575 1.1697e+01   999.0223  0.000e+00
      7.147    15.6267    15.6305     95.965  77.982107     10.166    9.94646    9.93331 1.1118e+01   999.0737  0.000e+00
      7.218    15.3248    15.3285     95.800  77.269136     10.266   10.01097    9.99800 1.0762e+01   999.1211  0.000e+00
      7.282    15.0258    15.0294     95.811  76.704734     10.357   10.07561   10.06281 1.0240e+01   999.1672  0.000e+00
      7.343    14.7395    14.7430     95.604  75.991802     10.444   10.13820   10.12557 9.7507e+00   999.2102  0.000e+00
      7.399    14.4850    14.4884     95.581  75.486836     10.524   10.19443   10.18194 9.4835e+00   999.2476  0.000e+00
      7.432    14.2475    14.2510     95.667  75.100704     10.570   10.24739   10.23502 9.3599e+00   999.2818  0.000e+00
      7.460    14.0535    14.0568     96.067  75.041338     10.611   10.29103   10.27877 9.0103e+00   999.3094  0.000e+00
      7.509    13.9424    13.9457     95.616  74.476948     10.680   10.31618   10.30397 8.6473e+00   999.3249  0.000e+00
      7.579    13.8133    13.8166     94.710  73.526416     10.781   10.34556   10.33342 8.2554e+00   999.3427  0.000e+00
      7.649    13.5943    13.5975     94.747  73.140315     10.879   10.39571   10.38366 7.9090e+00   999.3726  0.000e+00
      7.702    13.3546    13.3578     94.759  72.694820     10.955   10.45107   10.43914 7.7362e+00   999.4047  0.000e+00
      7.736    13.1492    13.1523     95.036  72.516650     11.003   10.49894   10.48710 7.5970e+00   999.4316  0.000e+00
      7.775    12.9992    13.0023     94.981  72.189955     11.059   10.53414   10.52236 7.3662e+00   999.4509  0.000e+00
      7.824    12.8783    12.8814     94.579  71.655346     11.128   10.56270   10.55096 7.1582e+00   999.4662  0.000e+00
      7.873    12.7569    12.7600     94.489  71.358359     11.198   10.59148   10.57979 6.9559e+00   999.4815  0.000e+00
      7.926    12.6563    12.6593     94.584  71.239578     11.273   10.61545   10.60379 6.6845e+00   999.4942  0.000e+00
      7.991    12.5674    12.5704     94.215  70.794086     11.366   10.63671   10.62508 6.4348e+00   999.5052  0.000e+00
      8.049    12.4527    12.4556     94.900  71.091120     11.448   10.66424   10.65266 6.2339e+00   999.5195  0.000e+00
      8.096    12.3105    12.3135     95.421  71.209958     11.515   10.69853   10.68700 6.0486e+00   999.5368  0.000e+00
      8.150    12.1862    12.1891     95.581  71.091183     11.592   10.72868   10.71719 5.7480e+00   999.5517  0.000e+00
      8.211    12.0903    12.0932     95.908  71.150607     11.678   10.75205   10.74059 5.5406e+00   999.5632  0.000e+00
      8.276    12.0000    12.0028     96.584  71.477343     11.771   10.77412   10.76269 5.2481e+00   999.5741  0.000e+00
      8.341    11.9099    11.9128     97.262  71.804084     11.864   10.79621   10.78480 4.9428e+00   999.5849  0.000e+00
      8.408    11.8276    11.8304     98.528  72.576372     11.960   10.81646   10.80508 4.7013e+00   999.5949  0.000e+00
      8.456    11.7418    11.7446     99.000  72.754613     12.028   10.83766   10.82630 4.5655e+00   999.6049  0.000e+00
      8.500    11.6613    11.6641     99.380  72.873446     12.089   10.85760   10.84626 4.3777e+00   999.6141  0.000e+00
      8.554    11.5965    11.5993     99.678  72.962573     12.167   10.87371   10.86239 4.1005e+00   999.6216  0.000e+00
      8.614    11.5426    11.5453    100.312  73.319035     12.252   10.88715   10.87584 3.9053e+00   999.6279  0.000e+00
      8.658    11.4910    11.4938    100.576  73.408161     12.315   10.90002   10.88873 3.7991e+00   999.6338  0.000e+00
      8.703    11.4439    11.4466    100.869  73.526990     12.378   10.91181   10.90053 3.6645e+00   999.6392  0.000e+00
      8.759    11.4040    11.4067    101.225  73.705229     12.459   10.92182   10.91054 3.4302e+00   999.6438  0.000e+00
      8.822    11.3605    11.3633    101.264  73.645830     12.548   10.93273   10.92147 3.2569e+00   999.6488  0.000e+00
      8.890    11.3071    11.3098    101.249  73.527024     12.644   10.94618   10.93492 3.0116e+00   999.6547  0.000e+00
      8.942    11.2487    11.2514    101.044  73.259699     12.718   10.96092   10.94968 2.9834e+00   999.6610  0.000e+00
      8.989    11.1831    11.1858    101.145  73.200306     12.785   10.97753   10.96630 2.8352e+00   999.6681  0.000e+00
      9.042    11.1232    11.1259    100.861  72.873577     12.860   10.99273   10.98151 2.6772e+00   999.6744  0.000e+00
      9.096    11.0664    11.0690    100.484  72.487447     12.938   11.00718   10.99598 2.5420e+00   999.6804  0.000e+00
      9.146    11.0078    11.0105    100.318  72.249837     13.009   11.02211   11.01092 2.4236e+00   999.6865  0.000e+00
      9.198    10.9567    10.9594    100.213  72.071633     13.083   11.03517   11.02398 2.3108e+00   999.6919  0.000e+00
      9.249    10.9124    10.9150    100.295  72.041942     13.156   11.04651   11.03533 2.2133e+00   999.6966  0.000e+00
      9.298    10.8771    10.8797    100.228  71.923141     13.225   11.05557   11.04440 2.1176e+00   999.7003  0.000e+00
      9.343    10.8479    10.8505     99.978  71.685531     13.288   11.06307   11.05190 2.0133e+00   999.7034  0.000e+00
      9.380    10.8127    10.8153     99.952  71.596433     13.341   11.07212   11.06096 1.9624e+00   999.7070  0.000e+00
      9.404    10.7730    10.7756    100.063  71.596443     13.375   11.08233   11.07117 1.9389e+00   999.7111  0.000e+00
      9.426    10.7385    10.7411    100.243  71.655855     13.407   11.09122   11.08007 1.8759e+00   999.7146  0.000e+00
      9.476    10.7232    10.7258    100.286  71.655858     13.478   11.09517   11.08402 1.7564e+00   999.7164  0.000e+00
      9.545    10.7009    10.7035    100.182  71.537057     13.576   11.10093   11.08978 1.6202e+00   999.7188  0.000e+00
      9.612    10.6396    10.6422    100.271  71.477668     13.672   11.11679   11.10565 1.5074e+00   999.7251  0.000e+00
      9.673    10.5742    10.5768    100.372  71.418280     13.758   11.13375   11.12262 1.4555e+00   999.7318  0.000e+00
      9.731    10.5172    10.5198    100.450  71.358891     13.840   11.14856   11.13744 1.3580e+00   999.7375  0.000e+00
      9.776    10.4706    10.4731    100.582  71.358902     13.905   11.16071   11.14960 1.2779e+00   999.7422  0.000e+00
      9.813    10.4334    10.4359    100.771  71.418314     13.957   11.17042   11.15931 1.2302e+00   999.7459  0.000e+00
      9.864    10.4051    10.4076    100.935  71.477724     14.030   11.17780   11.16669 1.1385e+00   999.7488  0.000e+00
      9.933    10.3838    10.3863    101.248  71.655941     14.127   11.18339   11.17228 1.0796e+00   999.7513  0.000e+00
      9.998    10.3604    10.3629    101.903  72.071779     14.220   11.18949   11.17839 1.0148e+00   999.7540  0.000e+00
     10.050    10.3378    10.3403    102.473  72.428218     14.294   11.19539   11.18429 9.2773e-01   999.7565  0.000e+00
     10.116    10.3193    10.3218    102.905  72.695553     14.389   11.20023   11.18913 8.7376e-01   999.7587  0.000e+00
     10.177    10.3040    10.3065    103.202  72.873779     14.475   11.20425   11.19315 8.3709e-01   999.7605  0.000e+00
     10.228    10.2896    10.2921    103.244  72.873783     14.548   11.20802   11.19692 7.5845e-01   999.7621  0.000e+00
     10.293    10.2775    10.2799    103.364  72.933194     14.640   11.21121   11.20011 7.4269e-01   999.7636  0.000e+00
     10.366    10.2676    10.2700    103.519  73.022308     14.744   11.21381   11.20271 6.9521e-01   999.7649  0.000e+00
     10.421    10.2556    10.2580    103.723  73.141128     14.823   11.21696   11.20586 6.8106e-01   999.7663  0.000e+00
