data/ctd_cnv_files/2024.02.09 Okaro 2 135.cnv
* Sea-Bird SBE19plus Data File:
* FileName = C:\Users\instrument\Desktop\Iola Rosa. CTD Casts\February 2024\Feb135.hex
* Software Version 1.59
* Temperature SN =  4268
* Conductivity SN =  4268
* System UpLoad Time = Feb 26 2024 13:53:03
* ds
* SeacatPlus V 1.6  SERIAL NO. 4268    26 Feb 2024  13:53:56
# nquan = 16
# nvalues = 464                                   
# units = specified
# name 0 = depFM: Depth [fresh water, m]
# name 1 = tv290C: Temperature [ITS-90, deg C]
# name 2 = tv268C: Temperature [IPTS-68, deg C]
# name 3 = specc: Specific Conductance [uS/cm]
# name 4 = c0uS/cm: Conductivity [uS/cm]
# name 5 = prdE: Pressure, Strain Gauge [psi]
# name 6 = sbeox0Mg/L: Oxygen, SBE 43 [mg/l]
# name 7 = sbeox0PS: Oxygen, SBE 43 [% saturation]
# name 8 = oxsolMg/L: Oxygen Saturation, Garcia & Gordon [mg/l]
# name 9 = oxsatMg/L: Oxygen Saturation, Weiss [mg/l]
# name 10 = par: PAR/Irradiance, Biospherical/Licor
# name 11 = flCM: Fluorescence, Chelsea Mini Chl Con [ug/l]
# name 12 = bat: Beam Attenuation, Chelsea/Seatech [1/m]
# name 13 = xmiss: Beam Transmission, Chelsea/Seatech [%]
# name 14 = density00: Density [density, kg/m^3]
# name 15 = flag:  0.000e+00
# span 0 =     -0.619,     16.112                 
# span 1 =     9.7892,    25.0979                 
# span 2 =     9.7915,    25.1039                 
# span 3 =     92.264,    274.075                 
# span 4 =  68.006939, 190.861316                 
# span 5 =     -0.881,     22.917                 
# span 6 =    -0.7435,     8.4958                 
# span 7 =     -7.133,    101.775                 
# span 8 =    8.24597,   11.34090                 
# span 9 =    8.22640,   11.32983                 
# span 10 = 1.4260e-01, 7.9518e+01                
# span 11 =    -0.3612,    24.9652                
# span 12 =     1.5144,    12.1759                
# span 13 =     4.7645,    68.4819                
# span 14 =   997.0619,   999.8950                
# span 15 = 0.0000e+00, 0.0000e+00                
# interval = seconds: 0.25
# start_time = Feb 09 2024 12:05:17 [Instrument's time stamp, header]
# bad_flag = -9.990e-29
*END*
[from data line 91]
      0.159    24.2787    24.2846     97.747  96.348241      0.226     5.6359     67.319    8.37193    8.35278 4.0356e+01     1.9982     1.6133    66.8102   997.2679  0.000e+00
      0.156    24.2801    24.2859     97.961  96.561966      0.222     5.6032     66.930    8.37171    8.35256 3.9768e+01     1.9728     1.6272    66.5778   997.2677  0.000e+00
      0.155    24.2815    24.2874     97.989  96.592499      0.221     5.5613     66.431    8.37148    8.35233 4.0282e+01     1.9368     1.6585    66.0581   997.2673  0.000e+00
      0.155    24.2826    24.2885     97.832  96.439836      0.221     5.5299     66.057    8.37132    8.35216 4.0273e+01     1.9177     1.6446    66.2891   997.2670  0.000e+00
      0.155    24.2839    24.2897     97.830  96.439836      0.221     5.4984     65.683    8.37112    8.35197 4.1008e+01     1.9283     1.6273    66.5763   997.2667  0.000e+00
      0.155    24.2850    24.2908     97.734  96.348239      0.221     5.4605     65.231    8.37095    8.35180 4.0098e+01     1.8944     1.6842    65.6361   997.2663  0.000e+00
      0.156    24.2858    24.2917     97.826  96.439835      0.222     5.4265     64.826    8.37082    8.35167 3.9988e+01     2.0046     1.6436    66.3053   997.2662  0.000e+00
      0.156    24.2863    24.2921     97.918  96.531432      0.222     5.3926     64.422    8.37075    8.35159 3.9686e+01     2.0767     1.6549    66.1188   997.2661  0.000e+00
      0.158    24.2873    24.2931     98.071  96.684094      0.224     5.3607     64.042    8.37059    8.35143 3.9732e+01     2.0618     1.6566    66.0907   997.2659  0.000e+00
      0.156    24.2887    24.2946     97.975  96.592496      0.222     5.3324     63.706    8.37036    8.35121 4.0774e+01     2.0661     1.6379    66.4001   997.2655  0.000e+00
      0.156    24.2899    24.2957     97.911  96.531431      0.222     5.3030     63.355    8.37018    8.35102 3.9997e+01     2.0428     1.6569    66.0847   997.2652  0.000e+00
      0.159    24.2909    24.2968     97.909  96.531431      0.226     5.2754     63.028    8.37002    8.35087 3.9841e+01     2.0767     1.6231    66.6459   997.2649  0.000e+00
      0.156    24.2913    24.2971     97.815  96.439834      0.222     5.2465     62.682    8.36997    8.35081 3.9850e+01     2.0343     1.6172    66.7451   997.2648  0.000e+00
      0.156    24.2916    24.2974     97.721  96.348237      0.222     5.2248     62.423    8.36993    8.35077 4.1027e+01     2.0449     1.6524    66.1602   997.2647  0.000e+00
      0.158    24.2916    24.2975     97.721  96.348237      0.224     5.2067     62.207    8.36992    8.35076 4.1065e+01     1.9961     1.6350    66.4475   997.2647  0.000e+00
      0.155    24.2910    24.2968     97.630  96.256641      0.221     5.1844     61.940    8.37002    8.35086 4.1234e+01     2.0046     1.6324    66.4919   997.2648  0.000e+00
      0.156    24.2896    24.2954     97.633  96.256641      0.222     5.1621     61.672    8.37024    8.35109 3.9686e+01     2.0406     1.6362    66.4282   997.2652  0.000e+00
      0.158    24.2875    24.2933     97.637  96.256642      0.224     5.1449     61.464    8.37057    8.35141 4.0033e+01     2.0088     1.6606    66.0240   997.2657  0.000e+00
      0.161    24.2847    24.2906     97.642  96.256643      0.229     5.1279     61.259    8.37099    8.35184 3.8921e+01     1.9749     1.6288    66.5511   997.2664  0.000e+00
      0.179    24.2814    24.2872     97.370  95.981858      0.255     5.1089     61.027    8.37153    8.35237 3.8144e+01     2.0237     1.6409    66.3498   997.2672  0.000e+00
      0.189    24.2741    24.2799     97.849  96.439839      0.269     5.0936     60.836    8.37265    8.35350 4.0024e+01     2.0809     1.6328    66.4845   997.2693  0.000e+00
      0.178    24.2694    24.2752     98.261  96.836764      0.254     5.0911     60.801    8.37338    8.35423 4.0439e+01     2.1254     1.6292    66.5437   997.2705  0.000e+00
      0.164    24.2984    24.3042     97.956  96.592493      0.233     5.0907     60.829    8.36886    8.34970 3.9180e+01     2.1509     1.6194    66.7081   997.2631  0.000e+00
      0.169    24.3561    24.3619     97.439  96.195557      0.240     5.1153     61.189    8.35990    8.34070 3.9189e+01     2.2229     1.6416    66.3379   997.2486  0.000e+00
      0.171    24.3796    24.3855     97.393  96.195549      0.243     5.1550     61.691    8.35624    8.33703 3.9714e+01     2.2123     1.6362    66.4282   997.2427  0.000e+00
      0.172    24.3797    24.3856     97.640  96.439806      0.244     5.1998     62.227    8.35622    8.33701 3.9814e+01     2.2590     1.6472    66.2461   997.2427  0.000e+00
      0.170    24.3769    24.3827     97.985  96.775664      0.241     5.2591     62.933    8.35665    8.33745 4.0448e+01     2.1890     1.6468    66.2520   997.2435  0.000e+00
      0.161    24.3731    24.3789     97.993  96.775666      0.229     5.3132     63.576    8.35725    8.33804 4.0905e+01     2.1678     1.6674    65.9115   997.2445  0.000e+00
      0.160    24.3696    24.3754     98.062  96.836732      0.227     5.3612     64.146    8.35778    8.33858 4.1008e+01     2.2017     1.6234    66.6414   997.2453  0.000e+00
      0.151    24.3710    24.3768     98.059  96.836732      0.215     5.3958     64.561    8.35757    8.33837 4.0914e+01     2.1805     1.6686    65.8922   997.2450  0.000e+00
      0.131    24.3764    24.3823     98.048  96.836730      0.187     5.4100     64.738    8.35672    8.33752 4.1386e+01     2.1827     1.6257    66.6029   997.2435  0.000e+00
      0.119    24.3846    24.3904     97.630  96.439804      0.169     5.4124     64.776    8.35547    8.33626 4.2433e+01     2.1890     1.6273    66.5763   997.2413  0.000e+00
      0.122    24.3867    24.3925     97.193  96.012356      0.174     5.4039     64.677    8.35515    8.33594 4.1481e+01     2.2081     1.6844    65.6331   997.2406  0.000e+00
      0.139    24.3807    24.3866     96.958  95.768107      0.197     5.4083     64.723    8.35608    8.33687 4.0199e+01     2.1254     1.6577    66.0714   997.2421  0.000e+00
      0.161    24.3563    24.3621     97.006  95.768115      0.229     5.4351     65.014    8.35988    8.34068 3.9723e+01     2.0576     1.6421    66.3305   997.2483  0.000e+00
      0.183    24.3312    24.3370     97.241  95.951311      0.260     5.5108     65.889    8.36377    8.34459 3.9568e+01     2.0830     1.6335    66.4727   997.2548  0.000e+00
      0.198    24.3165    24.3223     97.424  96.103974      0.282     5.5770     66.663    8.36605    8.34688 3.7348e+01     1.9961     1.6357    66.4356   997.2586  0.000e+00
      0.199    24.3090    24.3149     97.811  96.470361      0.283     5.6202     67.169    8.36720    8.34804 3.9100e+01     1.9580     1.6380    66.3986   997.2606  0.000e+00
      0.198    24.3003    24.3061     97.890  96.531428      0.282     5.6528     67.547    8.36856    8.34940 3.8841e+01     1.9283     1.6146    66.7880   997.2628  0.000e+00
      0.196    24.2966    24.3024     97.804  96.439832      0.279     5.6695     67.742    8.36915    8.34999 3.7883e+01     1.9198     1.6063    66.9272   997.2637  0.000e+00
      0.204    24.3037    24.3095     97.543  96.195573      0.290     5.6855     67.943    8.36805    8.34888 3.7229e+01     1.9007     1.6065    66.9228   997.2618  0.000e+00
      0.214    24.3070    24.3129     97.350  96.012382      0.304     5.6955     68.067    8.36753    8.34836 3.5447e+01     1.8795     1.6121    66.8295   997.2610  0.000e+00
      0.225    24.3080    24.3139     97.534  96.195572      0.319     5.6976     68.093    8.36737    8.34820 3.5831e+01     1.8944     1.6225    66.6563   997.2608  0.000e+00
      0.223    24.3115    24.3173     97.682  96.348231      0.318     5.6777     67.860    8.36682    8.34766 3.7400e+01     1.8583     1.6408    66.3512   997.2600  0.000e+00
      0.192    24.3183    24.3242     98.752  97.416882      0.272     5.6678     67.750    8.36574    8.34657 4.1901e+01     1.8392     1.6507    66.1884   997.2585  0.000e+00
      0.104    24.3567    24.3626     99.695  98.424507      0.147     5.6563     67.661    8.35975    8.34056 4.9587e+01     1.8710     1.6719    65.8375   997.2489  0.000e+00
     -0.005    24.5456    24.5515     99.315  98.424446     -0.007     5.6939     68.351    8.33049    8.31119 5.8094e+01     1.8180     1.6582    66.0640   997.2008  0.000e+00
     -0.097    24.7678    24.7737     98.688  98.241163     -0.139     5.8598     70.631    8.29631    8.27690 5.8214e+01     1.7862     1.6464    66.2594   997.1440  0.000e+00
     -0.163    24.9000    24.9060     97.600  97.416694     -0.232     6.1321     74.094    8.27609    8.25662 5.8763e+01     1.7587     1.6508    66.1854   997.1097  0.000e+00
     -0.158    24.9454    24.9514     96.625  96.531223     -0.224     6.4306     77.766    8.26919    8.24970 6.0388e+01     2.5007     1.6453    66.2772   997.0978  0.000e+00
     -0.115    24.8690    24.8750     96.253  96.012204     -0.164     6.7067     80.990    8.28086    8.26140 5.3396e+01     2.3862     1.6326    66.4875   997.1173  0.000e+00
     -0.109    24.6999    24.7058     97.164  96.592365     -0.156     6.9392     83.537    8.30676    8.28739 5.7736e+01     2.2590     1.6263    66.5926   997.1607  0.000e+00
     -0.150    24.5887    24.5946     97.721  96.928259     -0.214     7.1490     85.886    8.32387    8.30455 4.9349e+01     2.1403     1.6443    66.2935   997.1888  0.000e+00
     -0.205    24.5466    24.5525     98.050  97.172537     -0.292     7.3278     87.965    8.33036    8.31106 4.7052e+01     2.0936     1.6609    66.0196   997.1993  0.000e+00
     -0.252    24.5688    24.5747     98.098  97.264130     -0.359     7.4258     89.178    8.32693    8.30762 4.4331e+01     1.8668     2.2430    57.0781   997.1935  0.000e+00
     -0.283    24.5891    24.5950     97.720  96.928258     -0.403     7.3652     88.484    8.32381    8.30450 4.8386e+01     1.7672     1.7409    64.7122   997.1881  0.000e+00
     -0.306    24.5954    24.6013     97.461  96.683993     -0.435     7.2641     87.279    8.32284    8.30352 5.3445e+01     1.7968     1.6508    66.1854   997.1863  0.000e+00
     -0.384    24.5915    24.5974     98.054  97.264122     -0.546     7.1274     85.631    8.32342    8.30411 4.5934e+01     2.1975     1.6307    66.5200   997.1872  0.000e+00
     -0.490    24.5983    24.6042     98.533  97.752660     -0.696     6.9829     83.906    8.32238    8.30306 3.8592e+01     2.3692     1.6247    66.6192   997.1852  0.000e+00
     -0.545    24.6428    24.6487     98.352  97.661043     -0.775     6.8177     81.987    8.31552    8.29617 1.2088e+01     2.5621     1.6473    66.2446   997.1736  0.000e+00
     -0.569    24.7009    24.7068     98.421  97.844230     -0.809     6.6497     80.053    8.30658    8.28721 1.2261e+01     2.6766     1.6421    66.3305   997.1588  0.000e+00
     -0.565    24.7244    24.7304     98.620  98.088499     -0.804     6.5101     78.407    8.30296    8.28358 1.9169e+01     2.8144     1.6434    66.3083   997.1529  0.000e+00
     -0.528    24.7265    24.7324     98.770  98.241173     -0.751     6.4150     77.264    8.30265    8.28326 2.1644e+01     2.8992     1.6741    65.8019   997.1526  0.000e+00
     -0.497    24.7529    24.7588     98.809  98.332769     -0.707     6.3778     76.854    8.29859    8.27919 2.2893e+01     3.0497     1.6432    66.3113   997.1461  0.000e+00
     -0.476    24.8036    24.8095     98.709  98.332753     -0.678     6.3657     76.780    8.29082    8.27139 4.5556e+01     3.2023     1.6343    66.4593   997.1332  0.000e+00
     -0.456    24.8466    24.8525     98.532  98.241135     -0.648     6.3828     77.047    8.28424    8.26480 4.9496e+01     3.2341     1.6589    66.0522   997.1223  0.000e+00
     -0.440    24.8723    24.8782     98.328  98.088453     -0.626     6.4194     77.526    8.28032    8.26086 4.9022e+01     3.2617     1.6581    66.0655   997.1158  0.000e+00
     -0.443    24.8892    24.8951     98.295  98.088447     -0.631     6.4981     78.501    8.27774    8.25827 4.8798e+01     3.3083     1.6739    65.8049   997.1114  0.000e+00
     -0.443    24.8996    24.9055     98.182  97.996840     -0.631     6.6047     79.804    8.27615    8.25668 4.8253e+01     3.2045     1.6930    65.4910   997.1087  0.000e+00
     -0.441    24.9044    24.9104     98.326  98.149512     -0.628     6.6935     80.884    8.27541    8.25594 4.8832e+01     3.2808     1.6609    66.0196   997.1076  0.000e+00
     -0.445    24.9084    24.9144     98.318  98.149511     -0.632     6.7362     81.406    8.27480    8.25532 4.5182e+01     3.3550     1.6516    66.1736   997.1065  0.000e+00
     -0.460    24.9112    24.9172     98.404  98.241114     -0.654     6.7223     81.243    8.27437    8.25489 4.3716e+01     3.3401     1.6387    66.3868   997.1058  0.000e+00
     -0.507    24.9130    24.9190     98.492  98.332718     -0.721     6.6682     80.592    8.27409    8.25461 4.1930e+01     3.3592     1.6446    66.2891   997.1051  0.000e+00
     -0.540    24.9128    24.9188     98.554  98.393788     -0.768     6.5803     79.529    8.27412    8.25464 1.4644e+01     3.2787     1.6315    66.5067   997.1050  0.000e+00
     -0.573    24.9350    24.9410     98.449  98.332711     -0.815     6.4827     78.381    8.27074    8.25125 1.0212e+01     3.2363     1.6336    66.4712   997.0992  0.000e+00
     -0.598    24.9647    24.9707     98.054  97.996818     -0.851     6.3812     77.196    8.26621    8.24671 8.1416e+00     3.1811     1.6437    66.3039   997.0913  0.000e+00
     -0.618    24.9733    24.9793     97.885  97.844143     -0.879     6.2898     76.102    8.26491    8.24540 6.8451e+00     3.2617     1.6435    66.3068   997.0890  0.000e+00
     -0.619    24.9724    24.9784     97.703  97.660938     -0.881     6.2012     75.030    8.26506    8.24555 6.5146e+00     3.3550     1.6385    66.3897   997.0892  0.000e+00
     -0.614    24.9647    24.9706     97.657  97.599872     -0.873     6.1387     74.262    8.26623    8.24673 7.5435e+00     3.4164     1.6499    66.2002   997.0912  0.000e+00
     -0.613    24.9352    24.9411     97.959  97.844155     -0.871     6.0858     73.582    8.27072    8.25123 9.6615e+00     3.3550     1.6427    66.3201   997.0988  0.000e+00
     -0.602    24.9102    24.9161     98.161  97.996835     -0.856     6.0377     72.968    8.27454    8.25506 9.7460e+00     3.4588     1.6513    66.1780   997.1053  0.000e+00
     -0.594    24.8930    24.8989     97.859  97.660963     -0.845     5.9908     72.377    8.27717    8.25770 1.2644e+01     3.4186     1.6665    65.9263   997.1097  0.000e+00
     -0.572    24.8591    24.8651     97.588  97.325102     -0.814     5.9647     72.018    8.28235    8.26289 1.5454e+01     3.3295     1.6435    66.3068   997.1183  0.000e+00
     -0.539    24.8121    24.8180     97.374  97.019784     -0.767     5.9471     71.742    8.28954    8.27011 1.4715e+01     3.4800     1.6395    66.3735   997.1303  0.000e+00
     -0.479    24.7215    24.7274     97.060  96.531290     -0.681     5.9465     71.615    8.30345    8.28406 1.6584e+01     3.4652     1.6401    66.3631   997.1535  0.000e+00
     -0.374    24.6117    24.6176     96.845  96.103877     -0.532     5.9734     71.793    8.32034    8.30102 1.6619e+01     3.5267     1.6537    66.1380   997.1817  0.000e+00
     -0.305    24.5283    24.5341     97.254  96.348159     -0.434     6.0237     72.285    8.33321    8.31393 2.5502e+01     3.4398     1.6770    65.7545   997.2032  0.000e+00
     -0.281    24.4831    24.4889     98.022  97.019891     -0.399     6.1101     73.261    8.34019    8.32093 2.7874e+01     3.4567     1.6798    65.7072   997.2149  0.000e+00
     -0.219    24.4517    24.4576     98.238  97.172567     -0.312     6.2461     74.848    8.34503    8.32579 2.7714e+01     3.5436     1.6525    66.1573   997.2231  0.000e+00
