data/ctd_cnv_files/2024.01.25 Okaro 1 122.cnv
* Sea-Bird SBE19plus Data File:
* FileName = C:\Users\instrument\Desktop\Iola Rosa. CTD Cast. July.23\Jsanuary 2024\Iola Rosa Jan122.24.hex
* Software Version 1.59
* Temperature SN =  4268
* Conductivity SN =  4268
* System UpLoad Time = Feb 01 2024 08:52:26
* ds
* SeacatPlus V 1.6  SERIAL NO. 4268    01 Feb 2024  08:53:08
# nquan = 16
# nvalues = 1022                                  
# units = specified
# name 0 = depFM: Depth [fresh water, m]
# name 1 = tv290C: Temperature [ITS-90, deg C]
# name 2 = tv268C: Temperature [IPTS-68, deg C]
# name 3 = specc: Specific Conductance [uS/cm]
# name 4 = c0uS/cm: Conductivity [uS/cm]
# name 5 = prdE: Pressure, Strain Gauge [psi]
# name 6 = sbeox0Mg/L: Oxygen, SBE 43 [mg/l]
# name 7 = sbeox0PS: Oxygen, SBE 43 [% saturation]
# name 8 = oxsolMg/L: Oxygen Saturation, Garcia & Gordon [mg/l]
# name 9 = oxsatMg/L: Oxygen Saturation, Weiss [mg/l]
# name 10 = par: PAR/Irradiance, Biospherical/Licor
# name 11 = flCM: Fluorescence, Chelsea Mini Chl Con [ug/l]
# name 12 = bat: Beam Attenuation, Chelsea/Seatech [1/m]
# name 13 = xmiss: Beam Transmission, Chelsea/Seatech [%]
# name 14 = density00: Density [density, kg/m^3]
# name 15 = flag:  0.000e+00
# span 0 =     -0.767,     15.942                 
# span 1 =     9.7537,    23.6095                 
# span 2 =     9.7560,    23.6151                 
# span 3 =     -2.321,    241.885                 
# span 4 =  -2.120353, 168.265322                 
# span 5 =     -1.091,     22.675                 
# span 6 =    -1.2884,     8.7112                 
# span 7 =    -12.202,    102.369                 
# span 8 =    8.47743,   11.35012                 
# span 9 =    8.45867,   11.33905                 
# span 10 = 1.1259e-01, 8.6812e+01                
# span 11 =    -0.3612,    41.0065                
# span 12 =     1.2987,     9.9321                
# span 13 =     8.3491,    72.2767                
# span 14 =   997.4084,   999.8853                
# span 15 = 0.0000e+00, 0.0000e+00                
# interval = seconds: 0.25
# start_time = Jan 25 2024 09:29:34 [Instrument's time stamp, header]
# bad_flag = -9.990e-29
*END*
[from data line 181]
      0.078    23.2031    23.2087     98.155  94.638844      0.111     6.2677     73.370    8.54258    8.52407 4.5203e+01     6.0303     2.0662    59.6573   997.5303  0.000e+00
      0.080    23.1981    23.2037     98.419  94.883085      0.114     6.2018     72.592    8.54338    8.52487 4.5692e+01     6.0451     2.0800    59.4515   997.5316  0.000e+00
      0.080    23.1921    23.1976     98.590  95.035737      0.114     6.1517     71.998    8.54436    8.52585 4.4975e+01     6.1193     2.0899    59.3049   997.5331  0.000e+00
      0.080    23.1878    23.1933     98.598  95.035738      0.114     6.1021     71.411    8.54505    8.52655 4.5588e+01     6.1723     2.0807    59.4411   997.5341  0.000e+00
      0.081    23.1844    23.1900     98.447  94.883089      0.116     6.0488     70.783    8.54559    8.52709 4.3716e+01     6.1850     2.0803    59.4471   997.5349  0.000e+00
      0.084    23.1818    23.1874     98.357  94.791500      0.119     5.9983     70.188    8.54602    8.52752 4.5556e+01     6.2444     2.0818    59.4249   997.5355  0.000e+00
      0.085    23.1796    23.1852     98.457  94.883090      0.120     5.9410     69.515    8.54637    8.52788 4.4535e+01     6.2317     2.0759    59.5137   997.5361  0.000e+00
      0.085    23.1770    23.1825     98.462  94.883091      0.120     5.8865     68.874    8.54680    8.52830 4.3596e+01     6.3165     2.0740    59.5418   997.5367  0.000e+00
      0.084    23.1742    23.1797     98.531  94.944152      0.119     5.8388     68.312    8.54725    8.52876 4.5120e+01     6.2741     2.0813    59.4323   997.5374  0.000e+00
      0.082    23.1712    23.1768     98.474  94.883093      0.117     5.7831     67.656    8.54774    8.52924 4.4565e+01     6.2168     2.0769    59.4974   997.5381  0.000e+00
      0.081    23.1686    23.1741     98.479  94.883094      0.116     5.7391     67.138    8.54816    8.52967 4.4321e+01     6.2359     2.0835    59.3997   997.5387  0.000e+00
      0.085    23.1659    23.1715     98.295  94.699915      0.120     5.6948     66.617    8.54859    8.53010 4.2588e+01     6.2529     2.0765    59.5048   997.5393  0.000e+00
      0.084    23.1646    23.1702     98.297  94.699916      0.119     5.6563     66.165    8.54880    8.53031 4.4524e+01     6.2698     2.0981    59.1835   997.5396  0.000e+00
      0.084    23.1636    23.1691     98.553  94.944155      0.119     5.6224     65.767    8.54897    8.53048 4.3376e+01     6.2804     2.1013    59.1361   997.5399  0.000e+00
      0.076    23.1615    23.1671     98.906  95.279990      0.108     5.5887     65.370    8.54929    8.53080 4.3846e+01     6.2847     2.0762    59.5093   997.5405  0.000e+00
      0.057    23.1602    23.1658     98.908  95.279990      0.081     5.5541     64.964    8.54950    8.53101 4.3967e+01     6.2571     2.0597    59.7550   997.5407  0.000e+00
      0.048    23.1615    23.1671     98.304  94.699916      0.069     5.5171     64.533    8.54930    8.53081 4.3526e+01     6.2656     2.0600    59.7506   997.5402  0.000e+00
      0.056    23.1649    23.1704     97.885  94.303033      0.080     5.4853     64.165    8.54877    8.53028 4.3977e+01     6.2486     2.0644    59.6840   997.5393  0.000e+00
      0.071    23.1898    23.1954     97.834  94.303025      0.102     5.4544     63.834    8.54474    8.52624 4.1729e+01     6.2274     2.0592    59.7624   997.5334  0.000e+00
      0.087    23.2235    23.2291     98.525  95.035727      0.123     5.4450     63.764    8.53928    8.52075 4.3706e+01     6.3737     2.0588    59.7684   997.5256  0.000e+00
      0.085    23.2334    23.2389     99.201  95.707401      0.120     5.4565     63.911    8.53767    8.51914 4.2433e+01     6.3271     2.0635    59.6973   997.5235  0.000e+00
      0.080    23.2260    23.2316    100.071  96.531764      0.114     5.4758     64.128    8.53885    8.52032 4.3237e+01     6.2635     2.0690    59.6159   997.5255  0.000e+00
      0.066    23.1612    23.1667     99.540  95.890612      0.094     5.4908     64.225    8.54933    8.53084 4.2892e+01     6.3143     2.0752    59.5241   997.5407  0.000e+00
      0.059    23.0837    23.0892     98.812  95.035770      0.084     5.5100     64.355    8.56190    8.54346 4.2813e+01     6.2741     2.0694    59.6099   997.5589  0.000e+00
      0.063    23.0451    23.0507     98.796  94.944192      0.089     5.5361     64.612    8.56816    8.54975 4.2248e+01     6.2550     2.0717    59.5759   997.5681  0.000e+00
      0.067    23.0455    23.0510     98.891  95.035782      0.095     5.5791     65.115    8.56810    8.54969 4.2774e+01     6.2295     2.0910    59.2886   997.5681  0.000e+00
      0.069    23.0520    23.0576     99.735  95.860114      0.098     5.6437     65.877    8.56702    8.54860 4.1633e+01     6.2401     2.0730    59.5566   997.5668  0.000e+00
      0.070    23.0559    23.0614    100.140  96.257026      0.100     5.7283     66.870    8.56638    8.54797 4.3486e+01     6.2550     2.0599    59.7521   997.5660  0.000e+00
      0.070    23.0654    23.0709    100.406  96.531814      0.100     5.8073     67.804    8.56483    8.54641 4.1853e+01     6.2274     2.0542    59.8365   997.5639  0.000e+00
      0.068    23.0449    23.0505    100.004  96.104370      0.097     5.8785     68.608    8.56816    8.54975 4.3576e+01     6.3695     2.0545    59.8320   997.5686  0.000e+00
      0.066    23.0182    23.0238     99.646  95.707468      0.094     5.9324     69.203    8.57251    8.55412 4.1748e+01     6.3779     2.0602    59.7476   997.5748  0.000e+00
      0.068    23.0074    23.0129     99.382  95.432691      0.097     5.9622     69.535    8.57428    8.55589 4.1988e+01     6.4034     2.0486    59.9209   997.5773  0.000e+00
      0.069    23.0087    23.0142     99.380  95.432691      0.098     5.9788     69.731    8.57406    8.55567 4.2833e+01     6.4691     2.0494    59.9090   997.5769  0.000e+00
      0.073    23.0146    23.0202     99.812  95.860126      0.103     5.9984     69.967    8.57309    8.55470 4.1940e+01     6.5073     2.0578    59.7832   997.5757  0.000e+00
      0.073    23.0126    23.0182    100.071  96.104380      0.103     6.0060     70.054    8.57341    8.55502 4.1414e+01     6.4988     2.0640    59.6899   997.5763  0.000e+00
      0.074    23.0076    23.0131    100.177  96.195977      0.105     6.0107     70.102    8.57423    8.55584 4.0135e+01     6.6175     2.0577    59.7847   997.5775  0.000e+00
      0.074    23.0053    23.0108    100.182  96.195978      0.105     6.0155     70.155    8.57460    8.55621 4.1301e+01     6.6154     2.0469    59.9460   997.5780  0.000e+00
      0.074    23.0064    23.0120    100.179  96.195978      0.105     6.0059     70.044    8.57441    8.55603 4.0681e+01     6.6175     2.0505    59.8927   997.5778  0.000e+00
      0.071    23.0093    23.0148     99.982  96.012786      0.102     5.9883     69.843    8.57395    8.55556 4.0961e+01     6.5921     2.0575    59.7876   997.5770  0.000e+00
      0.071    23.0127    23.0183     99.912  95.951721      0.102     5.9620     69.541    8.57340    8.55501 4.0384e+01     6.5094     2.0603    59.7462   997.5762  0.000e+00
      0.071    23.0150    23.0205     99.843  95.890657      0.102     5.9270     69.135    8.57303    8.55464 3.9568e+01     6.4521     2.0477    59.9342   997.5756  0.000e+00
      0.069    23.0161    23.0217     99.809  95.860125      0.098     5.8832     68.627    8.57285    8.55445 4.0006e+01     6.4924     2.0584    59.7743   997.5753  0.000e+00
      0.069    23.0165    23.0220     99.713  95.768531      0.098     5.8521     68.264    8.57279    8.55440 3.8575e+01     6.5263     2.0482    59.9268   997.5752  0.000e+00
      0.073    23.0159    23.0214     99.810  95.860125      0.103     5.8022     67.681    8.57289    8.55450 3.8832e+01     6.6048     2.0578    59.7832   997.5754  0.000e+00
      0.071    23.0146    23.0202     99.971  96.012784      0.102     5.7618     67.208    8.57309    8.55469 3.9279e+01     6.7383     2.0463    59.9549   997.5758  0.000e+00
      0.074    23.0131    23.0186     99.911  95.951721      0.105     5.7234     66.758    8.57334    8.55495 3.8153e+01     6.7447     2.0560    59.8098   997.5761  0.000e+00
      0.075    23.0116    23.0171     99.914  95.951722      0.106     5.6849     66.307    8.57358    8.55519 3.5880e+01     6.7616     2.0411    60.0334   997.5765  0.000e+00
      0.075    23.0097    23.0152     99.982  96.012786      0.106     5.6440     65.828    8.57389    8.55550 3.8144e+01     6.7722     2.0349    60.1267   997.5770  0.000e+00
      0.075    23.0076    23.0131     99.986  96.012786      0.106     5.6032     65.349    8.57423    8.55585 3.6544e+01     6.7807     2.0437    59.9934   997.5774  0.000e+00
      0.076    23.0058    23.0114     99.926  95.951723      0.108     5.5640     64.890    8.57452    8.55613 3.6872e+01     6.7468     2.0461    59.9579   997.5778  0.000e+00
      0.077    23.0042    23.0097     99.993  96.012787      0.109     5.5227     64.406    8.57479    8.55640 3.5447e+01     6.7871     2.0435    59.9964   997.5783  0.000e+00
      0.075    23.0027    23.0082     99.933  95.951724      0.106     5.4897     64.019    8.57503    8.55665 3.6236e+01     6.7447     2.0328    60.1578   997.5786  0.000e+00
      0.075    23.0012    23.0067     99.840  95.860130      0.106     5.4502     63.557    8.57527    8.55689 3.4947e+01     6.7765     2.0308    60.1874   997.5789  0.000e+00
      0.074    23.0002    23.0057     99.842  95.860130      0.105     5.4179     63.179    8.57544    8.55706 3.6982e+01     6.6959     2.0297    60.2037   997.5792  0.000e+00
      0.078    22.9998    23.0053     99.939  95.951725      0.111     5.3820     62.761    8.57550    8.55712 3.5839e+01     6.7256     2.0325    60.1622   997.5793  0.000e+00
      0.077    22.9991    23.0046    100.004  96.012789      0.109     5.3567     62.464    8.57561    8.55723 3.7280e+01     6.7892     2.0483    59.9253   997.5795  0.000e+00
      0.077    22.9980    23.0035    100.101  96.104385      0.109     5.3267     62.114    8.57579    8.55741 3.5774e+01     6.7871     2.0423    60.0156   997.5798  0.000e+00
      0.077    22.9962    23.0018    100.010  96.012790      0.109     5.2997     61.796    8.57608    8.55770 3.3929e+01     6.7362     2.0428    60.0082   997.5802  0.000e+00
      0.078    22.9949    23.0004     99.853  95.860132      0.111     5.2719     61.470    8.57629    8.55792 3.8663e+01     6.6514     2.0214    60.3295   997.5804  0.000e+00
      0.078    22.9945    23.0000     99.822  95.829601      0.111     5.2448     61.154    8.57637    8.55799 3.4771e+01     6.6472     2.0288    60.2185   997.5805  0.000e+00
      0.078    22.9946    23.0001     99.759  95.768538      0.111     5.2192     60.856    8.57635    8.55797 3.6931e+01     6.6005     2.0522    59.8661   997.5805  0.000e+00
      0.078    22.9948    23.0004     99.854  95.860132      0.111     5.1931     60.551    8.57631    8.55793 3.7220e+01     6.6472     2.0603    59.7462   997.5804  0.000e+00
      0.076    22.9944    22.9999     99.854  95.860132      0.108     5.1726     60.313    8.57638    8.55800 3.7615e+01     6.7404     2.0434    59.9979   997.5805  0.000e+00
      0.078    22.9932    22.9987    100.016  96.012791      0.111     5.1501     60.049    8.57658    8.55820 3.7805e+01     6.8231     2.0433    59.9993   997.5809  0.000e+00
      0.078    22.9919    22.9974    100.019  96.012791      0.111     5.1268     59.775    8.57679    8.55841 3.5979e+01     6.9206     2.0344    60.1341   997.5812  0.000e+00
      0.078    22.9905    22.9960     99.958  95.951728      0.111     5.1111     59.590    8.57702    8.55864 3.7718e+01     6.9821     2.0509    59.8868   997.5815  0.000e+00
      0.076    22.9895    22.9950     99.960  95.951728      0.108     5.0838     59.272    8.57717    8.55880 3.6754e+01     6.9800     2.0717    59.5759   997.5817  0.000e+00
      0.077    22.9883    22.9938     99.963  95.951729      0.109     5.0643     59.043    8.57737    8.55900 3.7067e+01     6.9948     2.0600    59.7506   997.5820  0.000e+00
      0.077    22.9876    22.9931     99.964  95.951729      0.109     5.0398     58.757    8.57748    8.55911 3.7857e+01     6.9143     2.0849    59.3790   997.5822  0.000e+00
      0.077    22.9866    22.9922     99.775  95.768540      0.109     5.0191     58.514    8.57764    8.55927 3.6914e+01     6.9270     2.1258    58.7749   997.5823  0.000e+00
      0.077    23.0021    23.0076     97.772  93.875679      0.109     5.0034     58.347    8.57518    8.55679 3.7503e+01     6.9567     2.0766    59.5033   997.5780  0.000e+00
      0.079    23.1823    23.1879     97.152  93.631398      0.113     5.0126     58.655    8.54596    8.52746 3.7075e+01     6.8443     2.0639    59.6914   997.5349  0.000e+00
      0.079    23.3824    23.3880     96.751  93.631337      0.113     5.2074     61.165    8.51374    8.49512 3.7025e+01     6.8104     2.0685    59.6233   997.4869  0.000e+00
      0.080    23.4940    23.4996     96.528  93.631303      0.114     5.6979     67.067    8.49586    8.47717 3.9396e+01     6.7044     2.0663    59.6558   997.4599  0.000e+00
      0.080    23.5481    23.5538     96.326  93.539702      0.114     6.3321     74.608    8.48721    8.46848 4.0411e+01     6.6281     2.0669    59.6470   997.4467  0.000e+00
      0.078    23.5738    23.5795     96.275  93.539694      0.111     6.9388     81.796    8.48311    8.46437 3.8654e+01     6.5115     2.0595    59.7580   997.4405  0.000e+00
      0.077    23.5865    23.5922     96.250  93.539691      0.109     7.4419     87.747    8.48109    8.46234 4.0924e+01     6.4924     2.0684    59.6247   997.4374  0.000e+00
      0.077    23.5925    23.5981     96.332  93.631273      0.109     7.8233     92.254    8.48013    8.46138 4.1329e+01     6.5285     2.0588    59.7684   997.4359  0.000e+00
      0.080    23.5954    23.6011     96.169  93.478632      0.114     8.0919     95.428    8.47967    8.46091 3.6821e+01     6.6027     2.0772    59.4930   997.4352  0.000e+00
      0.078    23.5975    23.6031     96.228  93.539687      0.111     8.2260     97.012    8.47934    8.46059 4.0495e+01     6.6980     2.0860    59.3627   997.4347  0.000e+00
      0.079    23.5988    23.6045     96.225  93.539687      0.113     8.2395     97.174    8.47913    8.46037 4.2229e+01     6.8316     2.0667    59.6499   997.4344  0.000e+00
      0.079    23.5999    23.6056     96.160  93.478631      0.113     8.1495     96.114    8.47895    8.46019 3.8004e+01     6.9058     2.0545    59.8320   997.4341  0.000e+00
      0.080    23.6005    23.6061     96.065  93.387047      0.114     8.0356     94.772    8.47886    8.46010 4.1074e+01     6.8846     2.0510    59.8853   997.4339  0.000e+00
      0.079    23.6008    23.6065     96.221  93.539686      0.113     7.9434     93.685    8.47880    8.46004 4.0061e+01     6.9185     2.0608    59.7388   997.4339  0.000e+00
      0.077    23.6008    23.6065     96.159  93.478630      0.109     7.8687     92.805    8.47880    8.46005 3.9814e+01     6.8168     2.0699    59.6025   997.4339  0.000e+00
      0.075    23.5992    23.6049     96.162  93.478631      0.106     7.8322     92.371    8.47906    8.46030 4.2882e+01     6.6959     2.0543    59.8350   997.4342  0.000e+00
      0.075    23.5971    23.6028     96.166  93.478632      0.106     7.7988     91.974    8.47940    8.46064 4.0634e+01     6.6027     2.0703    59.5966   997.4348  0.000e+00
      0.076    23.5951    23.6008     96.170  93.478632      0.108     7.7738     91.675    8.47971    8.46096 3.7058e+01     6.5793     2.0447    59.9786   997.4352  0.000e+00
      0.080    23.5937    23.5994     96.235  93.539688      0.114     7.7478     91.366    8.47994    8.46118 4.0690e+01     6.5772     2.0486    59.9209   997.4356  0.000e+00
      0.090    23.5926    23.5982     96.175  93.478633      0.128     7.7262     91.109    8.48012    8.46137 3.8267e+01     6.4076     2.0525    59.8616   997.4359  0.000e+00
