data/ctd_cnv_files/2024.01.12 Okaro 121.cnv
* Sea-Bird SBE19plus Data File:
* FileName = C:\Users\instrument\Desktop\Iola Rosa. CTD Cast. July.23\September 2023\15 January 2023 upload121.hex
* Software Version 1.59
* Temperature SN =  4268
* Conductivity SN =  4268
* System UpLoad Time = Jan 15 2024 13:57:00
* ds
* SeacatPlus V 1.6  SERIAL NO. 4268    15 Jan 2024  13:59:04
# nquan = 16
# nvalues = 632                                   
# units = specified
# name 0 = depFM: Depth [fresh water, m]
# name 1 = tv290C: Temperature [ITS-90, deg C]
# name 2 = tv268C: Temperature [IPTS-68, deg C]
# name 3 = specc: Specific Conductance [uS/cm]
# name 4 = c0uS/cm: Conductivity [uS/cm]
# name 5 = prdE: Pressure, Strain Gauge [psi]
# name 6 = sbeox0Mg/L: Oxygen, SBE 43 [mg/l]
# name 7 = sbeox0PS: Oxygen, SBE 43 [% saturation]
# name 8 = oxsolMg/L: Oxygen Saturation, Garcia & Gordon [mg/l]
# name 9 = oxsatMg/L: Oxygen Saturation, Weiss [mg/l]
# name 10 = par: PAR/Irradiance, Biospherical/Licor
# name 11 = flCM: Fluorescence, Chelsea Mini Chl Con [ug/l]
# name 12 = bat: Beam Attenuation, Chelsea/Seatech [1/m]
# name 13 = xmiss: Beam Transmission, Chelsea/Seatech [%]
# name 14 = density00: Density [density, kg/m^3]
# name 15 = flag:  0.000e+00
# span 0 =     -0.665,     15.547                 
# span 1 =     9.7074,    31.2117                 
# span 2 =     9.7097,    31.2192                 
# span 3 =     -2.674,    101.138                 
# span 4 =  -3.001336, 102.607700                 
# span 5 =     -0.946,     22.113                 
# span 6 =     0.0747,    10.1658                 
# span 7 =      0.658,    122.267                 
# span 8 =    7.40353,   11.36302                 
# span 9 =    7.38380,   11.35194                 
# span 10 = 2.8987e-01, 1.3839e+03                
# span 11 =    -0.3612,    67.3886                
# span 12 =     1.2533,    13.9875                
# span 13 =     3.0292,    73.1014                
# span 14 =   995.2738,   999.8372                
# span 15 = 0.0000e+00, 0.0000e+00                
# interval = seconds: 0.25
# start_time = Jan 12 2024 14:50:06 [Instrument's time stamp, header]
# bad_flag = -9.990e-29
*END*
[from data line 543]
     11.854     9.7630     9.7653     98.774  68.677946     16.860     0.1475      1.299   11.34811   11.33703 5.2739e-01     1.8286     1.7015    65.3518   999.8147  0.000e+00
     11.887     9.7629     9.7652     98.774  68.677947     16.907     0.1354      1.193   11.34814   11.33707 5.1050e-01     1.8117     1.6851    65.6213   999.8149  0.000e+00
     11.934     9.7645     9.7668     98.638  68.586472     16.974     0.1417      1.249   11.34771   11.33663 4.9928e-01     1.8202     1.6875    65.5813   999.8149  0.000e+00
     11.995     9.7629     9.7653     98.774  68.677947     17.061     0.1427      1.257   11.34812   11.33705 5.0353e-01     1.8901     1.7115    65.1889   999.8154  0.000e+00
     12.054     9.7611     9.7635     98.867  68.738932     17.144     0.1400      1.233   11.34861   11.33753 4.9360e-01     1.8138     1.6891    65.5561   999.8158  0.000e+00
     12.107     9.7598     9.7622     98.783  68.677949     17.221     0.1479      1.303   11.34895   11.33788 4.8330e-01     1.7587     1.6939    65.4762   999.8162  0.000e+00
     12.165     9.7589     9.7612     98.873  68.738933     17.302     0.1384      1.219   11.34920   11.33812 4.7419e-01     1.7036     1.6973    65.4214   999.8166  0.000e+00
     12.218     9.7580     9.7604     98.875  68.738933     17.379     0.1395      1.229   11.34943   11.33836 4.6335e-01     1.7417     1.7068    65.2659   999.8169  0.000e+00
     12.263     9.7568     9.7592     98.791  68.677950     17.443     0.1394      1.228   11.34976   11.33869 4.5828e-01     1.7629     1.6966    65.4333   999.8172  0.000e+00
     12.303     9.7559     9.7582     98.794  68.677951     17.499     0.1316      1.160   11.35001   11.33894 4.5451e-01     1.8371     1.6922    65.5043   999.8174  0.000e+00
     12.347     9.7550     9.7574     98.796  68.677951     17.561     0.1267      1.117   11.35025   11.33917 4.5996e-01     1.9283     1.6945    65.4673   999.8177  0.000e+00
     12.391     9.7543     9.7567     98.886  68.738935     17.624     0.1244      1.096   11.35043   11.33936 4.4564e-01     1.7714     1.6943    65.4703   999.8180  0.000e+00
     12.438     9.7536     9.7559     98.800  68.677952     17.691     0.1207      1.064   11.35064   11.33956 4.3765e-01     1.7184     1.6963    65.4377   999.8183  0.000e+00
     12.487     9.7531     9.7554     98.889  68.738936     17.761     0.1247      1.099   11.35076   11.33969 4.3865e-01     1.6697     1.7027    65.3326   999.8186  0.000e+00
     12.550     9.7526     9.7550     98.979  68.799920     17.850     0.1263      1.112   11.35088   11.33981 4.2598e-01     1.6357     1.7145    65.1401   999.8189  0.000e+00
     12.612     9.7518     9.7542     99.025  68.830413     17.938     0.1351      1.190   11.35110   11.34003 4.2774e-01     1.5912     1.7167    65.1046   999.8193  0.000e+00
     12.666     9.7511     9.7534     99.290  69.013365     18.016     0.1253      1.103   11.35129   11.34022 4.1224e-01     1.5319     1.7361    64.7892   999.8197  0.000e+00
     12.718     9.7504     9.7527     98.897  68.738938     18.089     0.1348      1.187   11.35149   11.34042 4.2141e-01     1.4979     1.7359    64.7936   999.8199  0.000e+00
     12.774     9.7498     9.7521     99.162  68.921890     18.169     0.1305      1.149   11.35164   11.34057 4.1585e-01     1.5403     1.7496    64.5715   999.8203  0.000e+00
     12.841     9.7488     9.7511     99.384  69.074351     18.264     0.1258      1.108   11.35190   11.34083 3.9640e-01     1.6569     1.7634    64.3494   999.8208  0.000e+00
     12.906     9.7477     9.7500     99.300  69.013368     18.357     0.1199      1.057   11.35220   11.34113 4.0904e-01     1.6760     1.7646    64.3302   999.8211  0.000e+00
     12.960     9.7466     9.7490     99.390  69.074352     18.433     0.1168      1.029   11.35248   11.34140 3.9216e-01     1.5764     1.7713    64.2221   999.8215  0.000e+00
     13.010     9.7459     9.7483     99.305  69.013369     18.505     0.1179      1.038   11.35267   11.34159 3.8956e-01     1.5085     1.7784    64.1081   999.8218  0.000e+00
     13.061     9.7450     9.7474     99.395  69.074353     18.577     0.1105      0.973   11.35291   11.34184 3.9234e-01     1.5467     1.7899    63.9245   999.8221  0.000e+00
     13.116     9.7439     9.7462     99.311  69.013370     18.655     0.1250      1.101   11.35321   11.34214 3.8266e-01     1.5488     1.7932    63.8712   999.8225  0.000e+00
     13.162     9.7432     9.7455     99.313  69.013370     18.721     0.1237      1.089   11.35342   11.34234 3.8170e-01     1.6230     1.8165    63.4996   999.8227  0.000e+00
     13.211     9.7423     9.7446     99.315  69.013371     18.791     0.1268      1.117   11.35365   11.34258 3.8654e-01     1.6294     1.8338    63.2256   999.8230  0.000e+00
     13.261     9.7415     9.7438     99.405  69.074356     18.861     0.1231      1.084   11.35387   11.34279 3.6939e-01     1.5955     1.8476    63.0080   999.8234  0.000e+00
     13.310     9.7409     9.7433     99.538  69.165833     18.931     0.1172      1.032   11.35400   11.34293 3.6527e-01     1.5403     1.8444    63.0583   999.8237  0.000e+00
     13.365     9.7406     9.7429     99.539  69.165833     19.010     0.1160      1.022   11.35410   11.34302 3.7100e-01     1.5276     1.8537    62.9117   999.8240  0.000e+00
     13.423     9.7399     9.7422     99.673  69.257311     19.092     0.1127      0.993   11.35428   11.34321 3.5414e-01     1.4322     1.8597    62.8185   999.8244  0.000e+00
     13.489     9.7395     9.7418     99.674  69.257312     19.186     0.1079      0.951   11.35439   11.34332 3.6796e-01     1.4958     1.8922    62.3091   999.8247  0.000e+00
     13.541     9.7387     9.7411     99.545  69.165835     19.260     0.0918      0.809   11.35460   11.34352 3.6069e-01     1.4555     1.8844    62.4320   999.8250  0.000e+00
     13.578     9.7375     9.7399     99.548  69.165835     19.313     0.1015      0.893   11.35492   11.34385 3.6210e-01     1.4598     1.9034    62.1359   999.8252  0.000e+00
     13.630     9.7369     9.7392     99.418  69.074359     19.386     0.1056      0.930   11.35510   11.34403 3.5536e-01     1.4661     1.9226    61.8383   999.8255  0.000e+00
     13.689     9.7360     9.7383     99.333  69.013375     19.470     0.1176      1.036   11.35534   11.34426 3.5309e-01     1.5234     1.9364    61.6251   999.8258  0.000e+00
     13.744     9.7351     9.7374     99.204  68.921900     19.549     0.1173      1.033   11.35559   11.34452 3.4100e-01     1.5064     1.9465    61.4696   999.8261  0.000e+00
     13.799     9.7342     9.7365     99.426  69.074361     19.627     0.1162      1.023   11.35583   11.34476 3.4155e-01     1.4449     1.9625    61.2238   999.8265  0.000e+00
     13.844     9.7336     9.7359     99.428  69.074361     19.691     0.1109      0.977   11.35599   11.34492 3.4328e-01     1.4110     1.9626    61.2223   999.8268  0.000e+00
     13.896     9.7332     9.7355     99.253  68.952393     19.764     0.1173      1.033   11.35611   11.34503 3.3781e-01     1.4068     1.9747    61.0373   999.8270  0.000e+00
     13.969     9.7326     9.7350     99.431  69.074362     19.869     0.1132      0.996   11.35624   11.34517 3.3489e-01     1.4449     1.9868    60.8537   999.8275  0.000e+00
     14.030     9.7319     9.7342     99.082  68.830426     19.955     0.0996      0.877   11.35646   11.34538 3.3905e-01     1.4831     1.9906    60.7959   999.8277  0.000e+00
     14.080     9.7312     9.7335     99.215  68.921903     20.027     0.1013      0.892   11.35664   11.34556 3.2993e-01     1.4513     1.9946    60.7352   999.8280  0.000e+00
     14.135     9.7303     9.7327     99.349  69.013379     20.105     0.1038      0.914   11.35687   11.34579 3.2790e-01     1.4195     2.0079    60.5339   999.8284  0.000e+00
     14.186     9.7294     9.7317     99.352  69.013380     20.177     0.1083      0.954   11.35712   11.34604 3.2350e-01     1.4386     2.0170    60.3962   999.8287  0.000e+00
     14.237     9.7285     9.7308     99.355  69.013380     20.250     0.1065      0.937   11.35737   11.34629 3.3335e-01     1.4598     2.0276    60.2362   999.8290  0.000e+00
     14.282     9.7274     9.7297     99.446  69.074365     20.314     0.1136      1.000   11.35765   11.34657 3.2677e-01     1.4979     2.0383    60.0749   999.8294  0.000e+00
     14.311     9.7266     9.7289     99.360  69.013381     20.355     0.1034      0.911   11.35787   11.34679 3.3168e-01     1.5149     2.0360    60.1089   999.8295  0.000e+00
     14.329     9.7258     9.7282     99.450  69.074366     20.381     0.1053      0.927   11.35807   11.34699 3.2342e-01     1.4958     2.0433    59.9993   999.8297  0.000e+00
     14.343     9.7250     9.7274     99.452  69.074366     20.400     0.1153      1.015   11.35829   11.34721 3.2446e-01     1.4449     2.0639    59.6914   999.8299  0.000e+00
     14.367     9.7246     9.7270     99.585  69.165843     20.434     0.1058      0.932   11.35839   11.34732 3.2850e-01     1.4789     2.0741    59.5404   999.8300  0.000e+00
     14.403     9.7250     9.7274     99.452  69.074367     20.486     0.0974      0.858   11.35829   11.34721 3.2025e-01     1.4280     2.0865    59.3553   999.8301  0.000e+00
     14.440     9.7246     9.7270     99.366  69.013383     20.539     0.0931      0.820   11.35840   11.34733 3.1552e-01     1.4534     2.0906    59.2946   999.8303  0.000e+00
     14.482     9.7234     9.7257     99.369  69.013383     20.598     0.0930      0.819   11.35874   11.34767 3.1617e-01     1.4873     2.0994    59.1643   999.8306  0.000e+00
     14.525     9.7220     9.7243     99.593  69.165845     20.659     0.0896      0.789   11.35911   11.34804 3.1798e-01     1.5191     2.1055    59.0740   999.8310  0.000e+00
     14.567     9.7209     9.7232     99.728  69.257323     20.719     0.0813      0.716   11.35940   11.34833 3.1371e-01     1.6294     2.1107    58.9970   999.8314  0.000e+00
     14.605     9.7193     9.7216     99.820  69.318309     20.773     0.0882      0.776   11.35982   11.34875 3.1014e-01     1.6082     2.1340    58.6549   999.8317  0.000e+00
     14.659     9.7179     9.7202     99.956  69.409787     20.850     0.0910      0.801   11.36019   11.34912 3.1357e-01     1.4937     2.1395    58.5750   999.8321  0.000e+00
     14.719     9.7164     9.7187     99.828  69.318310     20.936     0.0873      0.768   11.36060   11.34953 3.0788e-01     1.5403     2.1402    58.5646   999.8325  0.000e+00
     14.772     9.7151     9.7174     99.744  69.257326     21.011     0.0926      0.815   11.36095   11.34988 3.1142e-01     1.5531     2.1501    58.4195   999.8328  0.000e+00
     14.812     9.7141     9.7164     99.747  69.257326     21.067     0.0917      0.808   11.36123   11.35016 3.0542e-01     1.5637     2.1583    58.2996   999.8331  0.000e+00
     14.859     9.7132     9.7156     99.750  69.257327     21.134     0.0949      0.835   11.36145   11.35038 3.1128e-01     1.4873     2.1759    58.0434   999.8334  0.000e+00
     14.906     9.7126     9.7149     99.752  69.257327     21.201     0.0963      0.847   11.36164   11.35056 3.0936e-01     1.5276     2.1987    57.7133   999.8337  0.000e+00
     14.966     9.7119     9.7142     99.841  69.318313     21.287     0.0971      0.855   11.36181   11.35073 3.0922e-01     1.5488     2.2024    57.6600   999.8340  0.000e+00
     15.020     9.7113     9.7137    100.107  69.501270     21.364     0.0930      0.818   11.36195   11.35088 3.0521e-01     1.4598     2.2146    57.4852   999.8344  0.000e+00
     15.066     9.7106     9.7130    100.109  69.501270     21.429     0.0994      0.875   11.36214   11.35107 3.1000e-01     1.4237     2.2253    57.3313   999.8347  0.000e+00
     15.114     9.7103     9.7127    100.109  69.501271     21.497     0.0897      0.790   11.36222   11.35115 3.0640e-01     1.4471     2.2447    57.0544   999.8349  0.000e+00
     15.161     9.7101     9.7124    100.110  69.501271     21.564     0.0878      0.773   11.36230   11.35122 3.0521e-01     1.3792     2.2550    56.9078   999.8352  0.000e+00
     15.190     9.7095     9.7119    100.112  69.501271     21.606     0.0823      0.724   11.36244   11.35136 3.0325e-01     1.3538     2.2753    56.6191   999.8354  0.000e+00
     15.211     9.7094     9.7117    100.112  69.501271     21.636     0.0855      0.752   11.36247   11.35140 2.9802e-01     1.3262     2.2846    56.4873   999.8355  0.000e+00
     15.238     9.7093     9.7116     99.981  69.409793     21.673     0.0838      0.738   11.36250   11.35143 2.9220e-01     1.4259     2.3015    56.2489   999.8356  0.000e+00
     15.278     9.7090     9.7113    100.113  69.501272     21.731     0.0883      0.777   11.36258   11.35150 3.0521e-01     1.4937     2.3131    56.0860   999.8358  0.000e+00
     15.318     9.7088     9.7111    100.114  69.501272     21.787     0.0943      0.829   11.36264   11.35157 2.9686e-01     1.5234     2.3363    55.7618   999.8360  0.000e+00
     15.342     9.7089     9.7112     99.982  69.409794     21.821     0.0866      0.763   11.36261   11.35154 3.0069e-01     1.5319     2.3449    55.6419   999.8361  0.000e+00
     15.351     9.7086     9.7109    100.114  69.501273     21.834     0.0914      0.805   11.36269   11.35161 2.9127e-01     1.4979     2.3497    55.5752   999.8362  0.000e+00
     15.358     9.7087     9.7110    100.114  69.501273     21.845     0.0907      0.799   11.36267   11.35160 2.9571e-01     1.5149     2.3630    55.3916   999.8362  0.000e+00
     15.372     9.7085     9.7108    100.203  69.562259     21.863     0.0927      0.816   11.36272   11.35164 2.9788e-01     1.5743     2.3777    55.1873   999.8363  0.000e+00
     15.390     9.7087     9.7110    100.114  69.501273     21.890     0.0870      0.766   11.36267   11.35160 2.9816e-01     1.5403     2.4029    54.8408   999.8364  0.000e+00
     15.411     9.7085     9.7109    100.115  69.501273     21.920     0.0831      0.732   11.36270   11.35163 2.9863e-01     1.4916     2.4161    54.6602   999.8365  0.000e+00
     15.436     9.7083     9.7106    100.115  69.501273     21.956     0.0767      0.675   11.36278   11.35171 2.9898e-01     1.5276     2.4477    54.2308   999.8366  0.000e+00
     15.452     9.7083     9.7106    100.115  69.501273     21.977     0.0844      0.743   11.36278   11.35171 2.9822e-01     1.5064     2.4275    54.5047   999.8367  0.000e+00
     15.463     9.7081     9.7105     99.984  69.409795     21.993     0.0792      0.697   11.36282   11.35174 2.9510e-01     1.4598     2.4407    54.3256   999.8367  0.000e+00
     15.478     9.7081     9.7105    100.116  69.501274     22.015     0.0833      0.733   11.36281   11.35174 2.9537e-01     1.4661     2.4414    54.3167   999.8368  0.000e+00
     15.488     9.7082     9.7105    100.116  69.501274     22.029     0.0779      0.686   11.36280   11.35172 2.9775e-01     1.4449     2.4566    54.1094   999.8369  0.000e+00
     15.499     9.7081     9.7105    100.116  69.501274     22.044     0.0801      0.705   11.36281   11.35174 2.9980e-01     1.4746     2.4765    53.8414   999.8369  0.000e+00
     15.508     9.7081     9.7104    100.116  69.501274     22.057     0.0754      0.664   11.36283   11.35175 2.9953e-01     1.4047     2.4768    53.8370   999.8370  0.000e+00
     15.522     9.7081     9.7104    100.336  69.653739     22.077     0.0887      0.781   11.36282   11.35175 2.9415e-01     1.4471     2.5027    53.4905   999.8371  0.000e+00
     15.538     9.7079     9.7102    100.292  69.623246     22.101     0.0801      0.705   11.36287   11.35180 2.9093e-01     1.4280     2.5076    53.4239   999.8372  0.000e+00
     15.547     9.7074     9.7097    100.118  69.501274     22.113     0.0747      0.658   11.36302   11.35194 2.8987e-01     1.3877     2.5141    53.3380   999.8372  0.000e+00
