data/ctd_cnv_files/2024.03.21 Okaro 2 0002.cnv
* Sea-Bird SBE19plus  Data File:
* FileName = C:\Users\dcastle\Documents\CTD\SBE19plus_01908200_2024_03_27_0002.hex
* Software version 2.8.0.119
* Temperature SN = 8200
* Conductivity SN = 8200
* System UpLoad Time = Mar 27 2024 14:47:05
* <ApplicationData>
* <Seaterm232>
# nquan = 16
# nvalues = 410                                   
# units = specified
# name 0 = depFM: Depth [fresh water, m]
# name 1 = tv290C: Temperature [ITS-90, deg C]
# name 2 = tv268C: Temperature [IPTS-68, deg C]
# name 3 = specc: Specific Conductance [uS/cm]
# name 4 = c0uS/cm: Conductivity [uS/cm]
# name 5 = prdE: Pressure, Strain Gauge [psi]
# name 6 = sbeox0Mg/L: Oxygen, SBE 43 [mg/l]
# name 7 = sbeox0PS: Oxygen, SBE 43 [% saturation]
# name 8 = oxsolMg/L: Oxygen Saturation, Garcia & Gordon [mg/l]
# name 9 = oxsatMg/L: Oxygen Saturation, Weiss [mg/l]
# name 10 = par/sat/log: PAR/Logarithmic, Satlantic [umol photons/m^2/sec]
# name 11 = flCM: Fluorescence, Chelsea Mini Chl Con [ug/l]
# name 12 = CStarAt0: Beam Attenuation, WET Labs C-Star [1/m]
# name 13 = CStarTr0: Beam Transmission, WET Labs C-Star [%]
# name 14 = density00: Density [density, kg/m^3]
# name 15 = flag:  0.000e+00
# span 0 =     -0.517,     16.072                 
# span 1 =     9.9154,    18.3992                 
# span 2 =     9.9177,    18.4037                 
# span 3 =      0.443,    223.825                 
# span 4 =   0.378993, 156.335725                 
# span 5 =     -0.736,     22.860                 
# span 6 =    -0.7599,     9.9148                 
# span 7 =     -6.903,    105.230                 
# span 8 =    9.38729,   11.30669                 
# span 9 =    9.37223,   11.29561                 
# span 10 = 1.1258e-01, 4.6527e+03                
# span 11 =    -0.3612,    36.3321                
# span 12 =     1.6611,    55.2620                
# span 13 =    -1.1062,    66.0166                
# span 14 =   998.5629,   999.8666                
# span 15 = 0.0000e+00, 0.0000e+00                
# interval = seconds: 0.25
# start_time = Mar 21 2024 12:45:14 [Instrument's time stamp, header]
# bad_flag = -9.990e-29
*END*
[from data line 91]
      0.694    18.3271    18.3315     99.069  85.856201      0.987     6.1898     65.841    9.40112    9.38611 4.6634e+02    -0.3443     1.7940    63.8579   998.5771  0.000e+00
      0.698    18.3259    18.3303     99.243  86.004812      0.993     6.1454     65.367    9.40134    9.38633 6.6176e+02    -0.3612     1.7720    64.2103   998.5774  0.000e+00
      0.699    18.3258    18.3302     99.449  86.183147      0.995     6.1025     64.910    9.40135    9.38634 7.0278e+02    -0.3612     1.7834    64.0281   998.5775  0.000e+00
      0.697    18.3270    18.3314     99.447  86.183147      0.992     6.0645     64.509    9.40113    9.38612 4.5635e+02    -0.3612     1.7793    64.0933   998.5773  0.000e+00
      0.694    18.3370    18.3414     99.424  86.183144      0.987     6.0306     64.161    9.39921    9.38419 1.4921e+03    -0.3612     1.7691    64.2576   998.5754  0.000e+00
      0.692    18.3490    18.3534     99.190  86.004806      0.984     5.9997     63.848    9.39692    9.38189 8.1674e+02    -0.3612     1.7903    63.9171   998.5730  0.000e+00
      0.692    18.3487    18.3531     99.122  85.945361      0.984     5.9823     63.662    9.39697    9.38195 4.6527e+03     0.1921     1.7788    64.1022   998.5731  0.000e+00
      0.693    18.3476    18.3520     99.125  85.945362      0.986     5.9538     63.358    9.39717    9.38215 8.6738e+02     0.9192     1.8035    63.7068   998.5733  0.000e+00
      0.694    18.3476    18.3520     99.262  86.064251      0.987     5.9301     63.105    9.39717    9.38215 1.0147e+03     2.0873     1.7936    63.8653   998.5733  0.000e+00
      0.694    18.3461    18.3505     99.403  86.183141      0.987     5.9026     62.811    9.39747    9.38245 2.2034e+03     3.8531     1.7881    63.9526   998.5737  0.000e+00
      0.692    18.3449    18.3493     99.405  86.183142      0.984     5.8833     62.603    9.39769    9.38267 1.6147e+03     4.0397     1.7884    63.9482   998.5739  0.000e+00
      0.691    18.3440    18.3484     99.476  86.242587      0.982     5.8492     62.239    9.39787    9.38285 6.1540e+02     1.7184     1.7903    63.9171   998.5741  0.000e+00
      0.689    18.3425    18.3469     99.342  86.123697      0.979     5.8168     61.893    9.39816    9.38314 7.4018e+02     2.3311     1.7738    64.1821   998.5743  0.000e+00
      0.689    18.3410    18.3454     99.209  86.004808      0.979     5.7912     61.619    9.39845    9.38343 5.9959e+02     4.1097     1.7860    63.9867   998.5745  0.000e+00
      0.715    18.3392    18.3436     98.973  85.796753      1.016     5.7623     61.309    9.39880    9.38378 9.9991e+02     0.2006     1.7650    64.3228   998.5749  0.000e+00
      0.789    18.3275    18.3319     98.862  85.677869      1.122     5.7346     61.000    9.40104    9.38603 6.4096e+02    -0.3612     1.7946    63.8490   998.5774  0.000e+00
      0.843    18.2838    18.2882     99.477  86.123715      1.199     5.7283     60.879    9.40941    9.39444 6.7138e+02    -0.3612     1.8018    63.7335   998.5861  0.000e+00
      0.862    18.2520    18.2564     99.860  86.391229      1.227     5.7926     61.521    9.41553    9.40058 9.5899e+02    -0.3612     1.7826    64.0415   998.5923  0.000e+00
      0.896    18.3212    18.3256     99.323  86.064260      1.275     5.9727     63.524    9.40225    9.38724 6.4082e+02    -0.3612     1.7790    64.0977   998.5792  0.000e+00
      0.947    18.3668    18.3712     99.081  85.945358      1.347     6.2353     66.379    9.39350    9.37846 9.0756e+02    -0.3612     1.7736    64.1851   998.5708  0.000e+00
      1.001    18.3579    18.3623     99.067  85.915639      1.424     6.5557     69.777    9.39522    9.38019 1.1560e+03    -0.3612     1.7746    64.1688   998.5727  0.000e+00
      1.069    18.3260    18.3304     99.072  85.856204      1.520     6.8767     73.146    9.40133    9.38632 8.2699e+02    -0.3612     1.7960    63.8268   998.5790  0.000e+00
      1.137    18.2853    18.2896     99.268  85.945383      1.618     7.1747     76.252    9.40915    9.39417 6.0565e+02    -0.3612     1.7834    64.0281   998.5871  0.000e+00
      1.223    18.2469    18.2513     99.253  85.856227      1.740     7.4196     78.793    9.41652    9.40157 1.1079e+03    -0.3612     1.7998    63.7661   998.5947  0.000e+00
      1.303    18.2227    18.2271     99.377  85.915679      1.854     7.5735     80.388    9.42118    9.40625 8.7961e+02    -0.3612     1.7992    63.7749   998.5996  0.000e+00
      1.373    18.2107    18.2151     99.577  86.064295      1.953     7.6168     80.827    9.42348    9.40856 4.8253e+02    -0.3612     1.7859    63.9882   998.6022  0.000e+00
      1.448    18.2036    18.2080     99.524  86.004852      2.059     7.5451     80.055    9.42485    9.40993 6.1392e+02    -0.3612     1.8092    63.6165   998.6039  0.000e+00
      1.516    18.2024    18.2068     99.527  86.004853      2.157     7.4202     78.728    9.42509    9.41017 5.2366e+02    -0.3612     1.7948    63.8460   998.6044  0.000e+00
      1.577    18.2024    18.2068     99.596  86.064299      2.243     7.2507     76.930    9.42509    9.41017 4.3027e+02    -0.3612     1.7790    64.0992   998.6047  0.000e+00
      1.628    18.2007    18.2050     99.531  86.004855      2.316     7.0663     74.971    9.42543    9.41051 4.6298e+02    -0.3612     1.7838    64.0222   998.6052  0.000e+00
      1.684    18.1991    18.2035     99.466  85.945411      2.395     6.8877     73.073    9.42573    9.41082 8.4899e+02    -0.3612     1.8028    63.7187   998.6058  0.000e+00
      1.723    18.2009    18.2053     99.737  86.183190      2.450     6.7281     71.383    9.42537    9.41045 4.6511e+02    -0.3612     1.8028    63.7187   998.6057  0.000e+00
      1.764    18.2174    18.2218     99.493  86.004851      2.509     6.5878     69.918    9.42220    9.40728 5.7556e+02    -0.1513     1.8036    63.7054   998.6027  0.000e+00
      1.811    18.2303    18.2347     99.394  85.945403      2.575     6.4764     68.753    9.41971    9.40477 6.4236e+02     0.4232     1.8017    63.7365   998.6005  0.000e+00
      1.856    18.2363    18.2407     99.380  85.945402      2.640     6.3893     67.837    9.41856    9.40362 4.9993e+02     0.6563     1.7949    63.8445   998.5995  0.000e+00
      1.902    18.2365    18.2409     99.517  86.064292      2.705     6.3296     67.204    9.41852    9.40358 4.3377e+02     1.3835     1.8009    63.7483   998.5998  0.000e+00
      1.944    18.2367    18.2410     99.448  86.004847      2.766     6.2874     66.756    9.41849    9.40355 4.8031e+02     1.3644     1.7972    63.8075   998.5999  0.000e+00
      2.000    18.2332    18.2376     99.353  85.915682      2.844     6.2542     66.398    9.41915    9.40421 4.3921e+02     2.0025     1.8002    63.7601   998.6008  0.000e+00
      2.069    18.2281    18.2324     99.365  85.915684      2.943     6.2259     66.092    9.42015    9.40521 4.0943e+02     2.2802     1.7864    63.9808   998.6021  0.000e+00
      2.127    18.2218    18.2261     99.482  86.004853      3.025     6.1765     65.558    9.42136    9.40643 4.4056e+02     2.3819     1.7839    64.0193   998.6035  0.000e+00
      2.181    18.2174    18.2218     99.561  86.064299      3.102     6.1436     65.204    9.42220    9.40727 4.2345e+02     2.2145     1.7922    63.8875   998.6046  0.000e+00
      2.238    18.2245    18.2289     99.545  86.064298      3.183     6.0939     64.686    9.42084    9.40590 5.3665e+02     2.3226     1.7895    63.9304   998.6035  0.000e+00
      2.293    18.2296    18.2340     99.396  85.945407      3.261     6.0516     64.243    9.41984    9.40491 4.1402e+02     2.5261     1.8044    63.6920   998.6028  0.000e+00
      2.343    18.2277    18.2321     99.469  86.004853      3.333     6.0087     63.785    9.42021    9.40528 4.0400e+02     2.9204     1.7830    64.0341   998.6034  0.000e+00
      2.396    18.2289    18.2332     99.535  86.064298      3.408     5.9747     63.426    9.41999    9.40506 3.9777e+02     2.3607     1.7801    64.0814   998.6034  0.000e+00
      2.443    18.2324    18.2367     99.458  86.004852      3.475     5.9365     63.025    9.41932    9.40438 4.3605e+02     2.4031     1.7881    63.9526   998.6030  0.000e+00
      2.487    18.2335    18.2379     99.455  86.004853      3.538     5.8963     62.599    9.41910    9.40416 4.4706e+02     2.9946     1.7934    63.8682   998.6030  0.000e+00
      2.543    18.2353    18.2397     99.382  85.945408      3.617     5.8713     62.337    9.41875    9.40381 4.0809e+02     3.2129     1.8075    63.6432   998.6028  0.000e+00
      2.602    18.2366    18.2409     99.345  85.915686      3.700     5.8298     61.897    9.41851    9.40357 3.1539e+02     3.2617     1.8038    63.7024   998.6029  0.000e+00
      2.658    18.2367    18.2410     99.276  85.856242      3.781     5.7954     61.532    9.41850    9.40355 3.7439e+02     3.6475     1.8010    63.7468   998.6031  0.000e+00
      2.726    18.2344    18.2388     99.350  85.915687      3.878     5.7731     61.293    9.41893    9.40399 3.6621e+02     4.8241     1.7927    63.8786   998.6038  0.000e+00
      2.797    18.2315    18.2359     99.357  85.915689      3.978     5.7443     60.983    9.41949    9.40455 3.0789e+02     3.4016     1.7943    63.8534   998.6047  0.000e+00
      2.861    18.2288    18.2331     99.535  86.064302      4.070     5.7141     60.659    9.42001    9.40507 2.7473e+02     3.7323     1.8033    63.7098   998.6056  0.000e+00
      2.913    18.2265    18.2309     99.609  86.123748      4.144     5.6980     60.485    9.42045    9.40551 3.0541e+02     3.5839     1.7977    63.8001   998.6062  0.000e+00
      2.965    18.2315    18.2359     99.666  86.183192      4.218     5.6789     60.289    9.41948    9.40454 3.1175e+02     3.5246     1.7931    63.8727   998.6056  0.000e+00
      3.014    18.2488    18.2532     99.420  86.004852      4.287     5.6618     60.128    9.41615    9.40120 2.8277e+02     3.4822     1.7900    63.9230   998.6024  0.000e+00
      3.064    18.2602    18.2645     99.394  86.004850      4.358     5.6461     59.975    9.41397    9.39901 2.8840e+02     3.5330     1.8163    63.5040   998.6005  0.000e+00
      3.098    18.2747    18.2791     99.361  86.004846      4.406     5.6176     59.691    9.41117    9.39620 2.5716e+02     3.6306     1.7909    63.9082   998.5979  0.000e+00
      3.164    18.2820    18.2864     99.104  85.796789      4.501     5.6041     59.557    9.40978    9.39480 2.8439e+02     3.8892     1.8046    63.6891   998.5968  0.000e+00
      3.238    18.2664    18.2708     99.071  85.737350      4.606     5.5825     59.308    9.41278    9.39782 2.5863e+02     5.3837     1.7715    64.2191   998.6000  0.000e+00
      3.290    18.2248    18.2292     99.475  86.004861      4.680     5.5992     59.434    9.42077    9.40584 2.6222e+02     5.1251     1.7903    63.9171   998.6082  0.000e+00
      3.337    18.1827    18.1871     99.572  86.004874      4.746     5.6433     59.851    9.42889    9.41398 2.3179e+02     4.8325     1.7986    63.7853   998.6163  0.000e+00
      3.391    18.1762    18.1806     99.415  85.856264      4.824     5.7386     60.854    9.43014    9.41524 2.4051e+02     4.6608     1.7798    64.0859   998.6177  0.000e+00
      3.443    18.1824    18.1867     99.332  85.796819      4.898     5.8687     62.241    9.42896    9.41406 2.1079e+02     4.6015     1.8022    63.7276   998.6168  0.000e+00
      3.493    18.1730    18.1774     99.492  85.915711      4.969     5.9965     63.585    9.43076    9.41587 2.0823e+02     4.5633     1.8009    63.7483   998.6188  0.000e+00
      3.567    18.1607    18.1650     99.176  85.618494      5.074     6.1161     64.836    9.43315    9.41826 2.2831e+02     3.0518     1.7798    64.0859   998.6214  0.000e+00
      3.643    18.1332    18.1375     99.239  85.618503      5.182     6.2027     65.717    9.43846    9.42360 2.1494e+02     3.6793     1.7850    64.0030   998.6269  0.000e+00
      3.704    18.0908    18.0952     99.612  85.856291      5.269     6.2653     66.324    9.44664    9.43181 1.9133e+02     3.6708     1.7777    64.1199   998.6351  0.000e+00
      3.773    18.0474    18.0517     99.506  85.677971      5.366     6.2865     66.489    9.45507    9.44027 1.8250e+02     3.7599     1.7943    63.8534   998.6435  0.000e+00
      3.851    18.0177    18.0220     99.506  85.618537      5.477     6.2852     66.434    9.46083    9.44605 1.6853e+02     3.9273     1.7648    64.3257   998.6493  0.000e+00
      3.925    17.9974    18.0017     99.552  85.618543      5.582     6.2713     66.260    9.46476    9.44999 1.5831e+02     3.9485     1.7971    63.8090   998.6534  0.000e+00
      3.987    17.9817    17.9860     99.865  85.856324      5.670     6.2500     66.014    9.46781    9.45305 1.5676e+02     4.0461     1.7890    63.9378   998.6567  0.000e+00
      4.032    17.9800    17.9843     99.973  85.945491      5.735     6.2229     65.725    9.46813    9.45337 1.5411e+02     4.1690     1.7676    64.2813   998.6573  0.000e+00
      4.066    18.0161    18.0204     99.889  85.945481      5.783     6.1972     65.501    9.46112    9.44634 1.5153e+02     4.3683     1.7705    64.2354   998.6507  0.000e+00
      4.098    18.0789    18.0832     99.640  85.856297      5.829     6.1635     65.229    9.44895    9.43413 1.5306e+02     4.5379     1.7995    63.7705   998.6391  0.000e+00
      4.137    18.1079    18.1123     99.435  85.737401      5.884     6.1429     65.050    9.44334    9.42849 1.5206e+02     4.4022     1.7998    63.7661   998.6338  0.000e+00
      4.189    18.1177    18.1221     99.206  85.559068      5.958     6.1168     64.787    9.44145    9.42660 1.4842e+02     4.3916     1.7726    64.2014   998.6322  0.000e+00
      4.255    18.1183    18.1227     99.032  85.410460      6.052     6.0822     64.421    9.44134    9.42648 1.4429e+02     4.6015     1.7730    64.1940   998.6323  0.000e+00
      4.322    18.0907    18.0951     99.199  85.499633      6.148     6.0544     64.090    9.44667    9.43183 1.3802e+02     4.4891     1.7850    64.0030   998.6378  0.000e+00
      4.385    18.0577    18.0620     99.344  85.559086      6.237     6.0631     64.139    9.45307    9.43825 1.3613e+02     4.4934     1.7849    64.0044   998.6443  0.000e+00
      4.439    18.0234    18.0277     99.699  85.796871      6.313     6.0762     64.232    9.45971    9.44492 1.3403e+02     4.5336     1.7874    63.9645   998.6510  0.000e+00
      4.485    17.9932    17.9976     99.769  85.796880      6.379     6.1030     64.476    9.46557    9.45080 1.3002e+02     4.4170     1.7642    64.3361   998.6568  0.000e+00
      4.540    17.9759    17.9803     99.671  85.677997      6.457     6.1387     64.830    9.46893    9.45418 1.3386e+02     4.3704     1.7705    64.2354   998.6602  0.000e+00
      4.596    17.9662    17.9705     99.556  85.559113      6.537     6.1934     65.394    9.47082    9.45608 1.2377e+02     4.3534     1.7867    63.9748   998.6622  0.000e+00
      4.645    17.9575    17.9618     99.576  85.559116      6.607     6.2609     66.096    9.47253    9.45779 1.1675e+02     4.1499     1.7889    63.9393   998.6641  0.000e+00
      4.682    17.9518    17.9561     99.935  85.856338      6.659     6.3222     66.735    9.47362    9.45888 1.1311e+02     4.3386     1.7808    64.0696   998.6654  0.000e+00
      4.737    17.9441    17.9484     99.607  85.559121      6.738     6.3593     67.116    9.47513    9.46040 1.1460e+02     4.3598     1.7625    64.3628   998.6670  0.000e+00
      4.802    17.9384    17.9427     99.551  85.499679      6.831     6.3722     67.244    9.47623    9.46150 1.1008e+02     4.2792     1.7717    64.2162   998.6683  0.000e+00
      4.868    17.9273    17.9316     99.542  85.469961      6.923     6.3906     67.422    9.47839    9.46367 1.0525e+02     4.3810     1.7770    64.1303   998.6706  0.000e+00
