data/ctd_cnv_files/2024.03.21 Okaro 1 0001.cnv
* Sea-Bird SBE19plus  Data File:
* FileName = C:\Users\dcastle\Documents\CTD\SBE19plus_01908200_2024_03_27_0001.hex
* Software version 2.8.0.119
* Temperature SN = 8200
* Conductivity SN = 8200
* System UpLoad Time = Mar 27 2024 14:46:47
* <ApplicationData>
* <Seaterm232>
# nquan = 16
# nvalues = 791                                   
# units = specified
# name 0 = depFM: Depth [fresh water, m]
# name 1 = tv290C: Temperature [ITS-90, deg C]
# name 2 = tv268C: Temperature [IPTS-68, deg C]
# name 3 = specc: Specific Conductance [uS/cm]
# name 4 = c0uS/cm: Conductivity [uS/cm]
# name 5 = prdE: Pressure, Strain Gauge [psi]
# name 6 = sbeox0Mg/L: Oxygen, SBE 43 [mg/l]
# name 7 = sbeox0PS: Oxygen, SBE 43 [% saturation]
# name 8 = oxsolMg/L: Oxygen Saturation, Garcia & Gordon [mg/l]
# name 9 = oxsatMg/L: Oxygen Saturation, Weiss [mg/l]
# name 10 = par/sat/log: PAR/Logarithmic, Satlantic [umol photons/m^2/sec]
# name 11 = flCM: Fluorescence, Chelsea Mini Chl Con [ug/l]
# name 12 = CStarAt0: Beam Attenuation, WET Labs C-Star [1/m]
# name 13 = CStarTr0: Beam Transmission, WET Labs C-Star [%]
# name 14 = density00: Density [density, kg/m^3]
# name 15 = flag:  0.000e+00
# span 0 =     -0.510,     14.799                 
# span 1 =     9.9438,    17.7499                 
# span 2 =     9.9462,    17.7542                 
# span 3 =      0.457,    185.469                 
# span 4 =   0.349403, 129.658347                 
# span 5 =     -0.726,     21.049                 
# span 6 =    -0.8827,    10.2119                 
# span 7 =     -8.326,    104.694                 
# span 8 =    9.51308,   11.29757                 
# span 9 =    9.49850,   11.28650                 
# span 10 = 1.1263e-01, 2.3380e+03                
# span 11 =    -0.3612,    29.3449                
# span 12 =     1.3949,    13.3860                
# span 13 =     3.5208,    70.5592                
# span 14 =   998.6846,   999.8438                
# span 15 = 0.0000e+00, 0.0000e+00                
# interval = seconds: 0.25
# start_time = Mar 21 2024 09:13:32 [Instrument's time stamp, header]
# bad_flag = -9.990e-29
*END*
[from data line 91]
      0.505    17.6009    17.6051     98.177  83.657079      0.719     6.0874     63.793    9.54239    9.52791 3.5218e+01     2.8314     1.7263    64.9491   998.7099  0.000e+00
      0.511    17.5846    17.5888     98.110  83.567927      0.726     6.0612     63.497    9.54560    9.53113 3.5520e+01     2.7678     1.7111    65.1964   998.7128  0.000e+00
      0.512    17.5662    17.5704     98.013  83.449057      0.728     6.0419     63.271    9.54924    9.53478 3.4851e+01     2.7296     1.7179    65.0853   998.7161  0.000e+00
      0.513    17.5534    17.5576     97.973  83.389623      0.729     6.0034     62.851    9.55178    9.53733 3.5234e+01     2.6300     1.7155    65.1238   998.7184  0.000e+00
      0.503    17.5464    17.5506     97.989  83.389625      0.716     5.9594     62.382    9.55315    9.53870 3.5234e+01     2.6702     1.7237    64.9905   998.7196  0.000e+00
      0.501    17.5450    17.5493     98.062  83.449063      0.712     5.9173     61.939    9.55342    9.53897 3.5295e+01     2.6257     1.7237    64.9905   998.7199  0.000e+00
      0.499    17.5485    17.5527     98.054  83.449062      0.709     5.8742     61.492    9.55274    9.53830 3.5203e+01     2.5007     1.7281    64.9195   998.7193  0.000e+00
      0.503    17.5512    17.5554     97.908  83.330187      0.716     5.8373     61.110    9.55220    9.53776 3.4889e+01     2.5070     1.7225    65.0098   998.7187  0.000e+00
      0.506    17.5499    17.5541     97.771  83.211313      0.720     5.7913     60.626    9.55246    9.53801 3.5396e+01     2.6702     1.7174    65.0927   998.7189  0.000e+00
      0.512    17.5438    17.5480     97.750  83.181597      0.728     5.7494     60.180    9.55368    9.53924 3.5295e+01     2.7063     1.7429    64.6796   998.7201  0.000e+00
      0.510    17.5375    17.5417     97.695  83.122162      0.725     5.7215     59.880    9.55491    9.54048 3.5567e+01     2.7105     1.7253    64.9654   998.7211  0.000e+00
      0.503    17.5331    17.5373     97.635  83.062727      0.716     5.6826     59.467    9.55580    9.54136 3.6005e+01     2.7254     1.7467    64.6189   998.7219  0.000e+00
      0.491    17.5282    17.5324     97.646  83.062728      0.699     5.6671     59.300    9.55676    9.54233 3.6021e+01     2.7360     1.7391    64.7418   998.7227  0.000e+00
      0.486    17.5228    17.5270     97.729  83.122166      0.691     5.6368     58.976    9.55782    9.54340 3.6641e+01     2.6766     1.7239    64.9876   998.7237  0.000e+00
      0.480    17.5220    17.5262     97.730  83.122166      0.683     5.6144     58.741    9.55797    9.54355 3.6377e+01     2.6639     1.7180    65.0838   998.7238  0.000e+00
      0.490    17.5231    17.5273     97.798  83.181602      0.697     5.5954     58.543    9.55775    9.54333 3.4980e+01     2.6618     1.7277    64.9254   998.7237  0.000e+00
      0.513    17.5241    17.5283     97.726  83.122166      0.729     5.5778     58.360    9.55757    9.54314 3.5134e+01     2.6872     1.7320    64.8558   998.7236  0.000e+00
      0.526    17.5234    17.5276     97.588  83.003294      0.748     5.5606     58.179    9.55771    9.54328 3.4471e+01     2.7381     1.7324    64.8499   998.7237  0.000e+00
      0.526    17.5207    17.5250     97.594  83.003294      0.748     5.5503     58.069    9.55823    9.54381 3.4828e+01     2.7042     1.7308    64.8751   998.7242  0.000e+00
      0.505    17.4535    17.4577     97.748  83.003312      0.719     5.5458     57.941    9.57154    9.55716 3.5466e+01     2.7232     1.7228    65.0054   998.7362  0.000e+00
      0.486    17.3028    17.3070     98.237  83.122225      0.691     5.5450     57.751    9.60148    9.58721 3.6385e+01     2.7381     1.7359    64.7936   998.7631  0.000e+00
      0.476    17.2238    17.2280     98.526  83.211401      0.677     5.5477     57.685    9.61725    9.60303 3.5218e+01     2.7656     1.7435    64.6692   998.7771  0.000e+00
      0.485    17.2147    17.2188     98.759  83.389715      0.689     5.5391     57.584    9.61907    9.60486 3.4805e+01     2.8165     1.7322    64.8528   998.7788  0.000e+00
      0.502    17.2535    17.2576     98.528  83.270830      0.714     5.5438     57.680    9.61132    9.59708 3.4820e+01     2.7593     1.7376    64.7655   998.7720  0.000e+00
      0.514    17.2716    17.2758     98.380  83.181670      0.731     5.5533     57.801    9.60770    9.59345 3.3881e+01     2.6342     1.7380    64.7581   998.7688  0.000e+00
      0.515    17.3118    17.3159     98.286  83.181660      0.733     5.5762     58.088    9.59970    9.58542 3.4866e+01     2.5303     1.7292    64.9017   998.7617  0.000e+00
      0.508    17.2375    17.2416     98.495  83.211398      0.723     5.6293     58.550    9.61452    9.60030 3.4298e+01     2.5939     1.7347    64.8129   998.7748  0.000e+00
      0.497    17.1488    17.1529     98.772  83.270859      0.706     5.7065     59.243    9.63226    9.61810 3.5088e+01     2.4943     1.7244    64.9802   998.7905  0.000e+00
      0.486    17.0887    17.0928     99.055  83.389749      0.691     5.7936     60.073    9.64431    9.63019 3.5334e+01     2.4731     1.7133    65.1593   998.8010  0.000e+00
      0.492    17.0851    17.0892     98.992  83.330313      0.700     5.8719     60.880    9.64504    9.63092 3.4752e+01     2.4858     1.7279    64.9224   998.8017  0.000e+00
      0.500    17.1225    17.1267     98.834  83.270866      0.711     5.9437     61.673    9.63752    9.62338 3.4494e+01     2.5155     1.7278    64.9239   998.7951  0.000e+00
      0.506    17.1404    17.1446     98.792  83.270861      0.720     5.9979     62.258    9.63393    9.61978 3.4096e+01     2.6109     1.7530    64.5167   998.7920  0.000e+00
      0.512    17.1607    17.1648     98.674  83.211419      0.728     6.0237     62.552    9.62987    9.61570 3.4858e+01     2.6194     1.7244    64.9802   998.7884  0.000e+00
      0.507    17.1305    17.1346     98.745  83.211427      0.722     6.0487     62.773    9.63593    9.62178 3.4298e+01     2.4837     1.7198    65.0542   998.7937  0.000e+00
      0.498    17.0634    17.0675     98.867  83.181727      0.708     6.0550     62.750    9.64941    9.63531 3.5295e+01     2.5664     1.7091    65.2289   998.8055  0.000e+00
      0.492    17.0422    17.0462     99.023  83.270887      0.700     6.0400     62.567    9.65368    9.63959 3.4927e+01     2.4371     1.7055    65.2867   998.8092  0.000e+00
      0.492    17.0277    17.0318     99.057  83.270891      0.700     6.0261     62.404    9.65659    9.64251 3.4767e+01     2.3713     1.7133    65.1593   998.8117  0.000e+00
      0.500    17.0256    17.0297     99.062  83.270892      0.711     6.0198     62.337    9.65701    9.64294 3.3896e+01     2.4816     1.7131    65.1638   998.8121  0.000e+00
      0.504    17.0258    17.0299     98.991  83.211455      0.717     5.9934     62.063    9.65697    9.64289 3.3955e+01     2.5049     1.7464    64.6233   998.8121  0.000e+00
      0.511    17.0204    17.0244     99.004  83.211457      0.726     5.9754     61.870    9.65807    9.64399 3.3851e+01     2.4561     1.7215    65.0261   998.8131  0.000e+00
      0.517    17.0224    17.0265     98.964  83.181738      0.736     5.9569     61.681    9.65766    9.64359 3.4119e+01     2.4773     1.7020    65.3444   998.8127  0.000e+00
      0.522    17.0192    17.0233     98.971  83.181739      0.742     5.9414     61.516    9.65830    9.64423 3.3896e+01     2.3756     1.7039    65.3133   998.8133  0.000e+00
      0.527    16.9982    17.0023     98.950  83.122308      0.749     5.9177     61.244    9.66254    9.64848 3.3873e+01     2.2908     1.7138    65.1519   998.8170  0.000e+00
      0.526    16.9810    16.9851     99.061  83.181749      0.748     5.9189     61.235    9.66599    9.65195 3.3564e+01     2.2781     1.7186    65.0735   998.8200  0.000e+00
      0.524    16.9741    16.9781     98.936  83.062878      0.745     5.8997     61.027    9.66740    9.65336 3.4156e+01     2.2251     1.7182    65.0809   998.8211  0.000e+00
      0.520    16.9715    16.9755     98.942  83.062879      0.740     5.8941     60.965    9.66793    9.65389 3.3792e+01     2.2314     1.6923    65.5028   998.8216  0.000e+00
      0.520    16.9761    16.9802     99.002  83.122314      0.740     5.8923     60.953    9.66700    9.65295 3.4179e+01     2.3289     1.7178    65.0868   998.8208  0.000e+00
      0.523    16.9862    16.9902     98.907  83.062875      0.743     5.8943     60.987    9.66497    9.65092 3.3586e+01     2.2929     1.7184    65.0764   998.8190  0.000e+00
      0.519    16.9905    16.9946     98.897  83.062874      0.739     5.8859     60.905    9.66408    9.65003 3.3977e+01     2.2229     1.7053    65.2911   998.8182  0.000e+00
      0.513    16.9834    16.9875     98.914  83.062875      0.729     5.8772     60.805    9.66552    9.65148 3.4074e+01     2.1911     1.7107    65.2023   998.8195  0.000e+00
      0.508    16.9725    16.9765     98.940  83.062878      0.723     5.8601     60.615    9.66773    9.65369 3.4828e+01     2.3141     1.7132    65.1623   998.8213  0.000e+00
      0.506    16.9673    16.9713     98.952  83.062880      0.720     5.8409     60.410    9.66878    9.65474 3.4562e+01     2.2526     1.7036    65.3178   998.8222  0.000e+00
      0.507    16.9708    16.9749     98.944  83.062879      0.722     5.8159     60.155    9.66807    9.65403 3.3896e+01     2.3374     1.7059    65.2807   998.8216  0.000e+00
      0.515    16.9804    16.9845     98.921  83.062876      0.732     5.7917     59.917    9.66612    9.65207 3.3888e+01     2.3692     1.7099    65.2156   998.8200  0.000e+00
      0.516    16.9864    16.9905     98.836  83.003438      0.734     5.7684     59.684    9.66492    9.65087 3.3279e+01     2.3650     1.7345    64.8158   998.8189  0.000e+00
      0.515    16.9824    16.9865     98.916  83.062876      0.733     5.7307     59.289    9.66573    9.65168 3.3888e+01     2.3607     1.7237    64.9905   998.8196  0.000e+00
      0.511    16.9745    16.9786     98.864  83.003442      0.726     5.7009     58.971    9.66732    9.65328 3.3814e+01     2.3099     1.7051    65.2941   998.8210  0.000e+00
      0.506    16.9670    16.9711     98.882  83.003444      0.720     5.6696     58.638    9.66883    9.65479 3.4224e+01     2.3544     1.7110    65.1978   998.8223  0.000e+00
      0.505    16.9645    16.9686     98.958  83.062880      0.719     5.6487     58.419    9.66934    9.65530 3.3925e+01     2.3247     1.7243    64.9817   998.8227  0.000e+00
      0.510    16.9658    16.9698     98.885  83.003444      0.725     5.6212     58.136    9.66908    9.65505 3.3703e+01     2.3629     1.7264    64.9476   998.8225  0.000e+00
      0.514    16.9686    16.9727     98.878  83.003443      0.731     5.5962     57.881    9.66851    9.65447 3.3645e+01     2.5070     1.7153    65.1268   998.8220  0.000e+00
      0.513    16.9690    16.9731     98.877  83.003443      0.729     5.5718     57.629    9.66842    9.65439 3.3498e+01     2.7211     1.7047    65.3000   998.8219  0.000e+00
      0.512    16.9641    16.9681     98.889  83.003444      0.728     5.5465     57.361    9.66942    9.65539 3.3483e+01     2.8250     1.7130    65.1653   998.8228  0.000e+00
      0.505    16.9595    16.9636     98.828  82.944010      0.719     5.5309     57.195    9.67034    9.65631 3.3829e+01     2.8844     1.7295    64.8973   998.8235  0.000e+00
      0.501    16.9555    16.9596     98.909  83.003447      0.712     5.5135     57.009    9.67115    9.65712 3.4224e+01     2.8208     1.7162    65.1134   998.8242  0.000e+00
      0.501    16.9527    16.9568     98.845  82.944011      0.712     5.4944     56.809    9.67171    9.65769 3.3770e+01     2.7784     1.7078    65.2497   998.8247  0.000e+00
      0.504    16.9497    16.9538     98.852  82.944012      0.717     5.4634     56.485    9.67232    9.65830 3.4767e+01     2.6724     1.7078    65.2497   998.8252  0.000e+00
      0.505    16.9469    16.9509     98.858  82.944013      0.719     5.4498     56.341    9.67290    9.65888 3.4111e+01     2.6978     1.7098    65.2171   998.8257  0.000e+00
      0.511    16.9423    16.9463     98.798  82.884578      0.726     5.4215     56.043    9.67383    9.65981 3.3859e+01     2.7063     1.7206    65.0409   998.8265  0.000e+00
      0.508    16.9374    16.9415     98.881  82.944016      0.723     5.4107     55.926    9.67481    9.66080 3.4209e+01     2.7105     1.7304    64.8825   998.8274  0.000e+00
      0.506    16.9334    16.9374     98.819  82.884581      0.720     5.3864     55.670    9.67563    9.66161 3.3918e+01     2.7211     1.7282    64.9180   998.8281  0.000e+00
      0.505    16.9262    16.9303     98.907  82.944019      0.719     5.3796     55.591    9.67707    9.66306 3.4096e+01     2.6936     1.7292    64.9017   998.8293  0.000e+00
      0.505    16.9200    16.9241     98.993  83.003456      0.719     5.3660     55.443    9.67832    9.66431 3.3888e+01     2.5982     1.7412    64.7077   998.8304  0.000e+00
      0.504    16.9148    16.9189     98.863  82.884586      0.717     5.3510     55.282    9.67937    9.66537 3.3674e+01     2.5727     1.7191    65.0661   998.8313  0.000e+00
      0.506    16.9096    16.9136     98.875  82.884587      0.720     5.3357     55.119    9.68044    9.66644 3.3344e+01     2.6681     1.7116    65.1875   998.8322  0.000e+00
      0.504    16.9029    16.9070     98.891  82.884589      0.717     5.3183     54.931    9.68178    9.66779 3.3962e+01     2.6702     1.7130    65.1653   998.8333  0.000e+00
      0.504    16.8959    16.9000     98.837  82.825155      0.717     5.3036     54.771    9.68320    9.66922 3.3681e+01     2.6300     1.7126    65.1712   998.8345  0.000e+00
      0.504    16.8887    16.8928     98.925  82.884593      0.717     5.2880     54.602    9.68466    9.67068 3.3807e+01     2.5324     1.7122    65.1786   998.8358  0.000e+00
      0.505    16.8823    16.8863     98.869  82.825159      0.719     5.2654     54.361    9.68597    9.67199 3.3836e+01     2.5409     1.7260    64.9535   998.8369  0.000e+00
      0.505    16.8771    16.8811     98.881  82.825160      0.719     5.2455     54.150    9.68702    9.67304 3.4238e+01     2.5388     1.7186    65.0735   998.8378  0.000e+00
      0.505    16.8731    16.8772     98.962  82.884597      0.719     5.2403     54.092    9.68781    9.67384 3.4022e+01     2.4922     1.7253    64.9654   998.8385  0.000e+00
      0.506    16.8695    16.8736     98.970  82.884598      0.720     5.2152     53.828    9.68854    9.67457 3.4052e+01     2.4010     1.7300    64.8884   998.8391  0.000e+00
      0.506    16.8662    16.8702     98.978  82.884599      0.720     5.2013     53.681    9.68922    9.67525 3.3645e+01     2.5155     1.7098    65.2171   998.8397  0.000e+00
      0.504    16.8633    16.8673     98.914  82.825164      0.717     5.1876     53.536    9.68981    9.67585 3.3829e+01     2.5642     1.6998    65.3799   998.8402  0.000e+00
      0.504    16.8605    16.8646     98.920  82.825165      0.717     5.1693     53.345    9.69037    9.67641 3.4156e+01     2.5664     1.7205    65.0424   998.8407  0.000e+00
      0.502    16.8571    16.8611     98.858  82.765730      0.714     5.1534     53.177    9.69107    9.67711 3.4156e+01     2.5112     1.6880    65.5739   998.8412  0.000e+00
      0.503    16.8529    16.8569     98.938  82.825167      0.716     5.1386     53.020    9.69191    9.67796 3.4082e+01     2.5091     1.6962    65.4392   998.8420  0.000e+00
      0.505    16.8506    16.8546     98.944  82.825167      0.719     5.1236     52.862    9.69239    9.67843 3.4029e+01     2.4858     1.7186    65.0735   998.8424  0.000e+00
      0.506    16.8495    16.8535     98.946  82.825168      0.720     5.1127     52.748    9.69261    9.67865 3.3881e+01     2.6427     1.7107    65.2023   998.8426  0.000e+00
