data/ctd_cnv_files/2024.01.12 Okaro 121.cnv
* Sea-Bird SBE19plus Data File:
* FileName = C:\Users\instrument\Desktop\Iola Rosa. CTD Cast. July.23\September 2023\15 January 2023 upload121.hex
* Software Version 1.59
* Temperature SN =  4268
* Conductivity SN =  4268
* System UpLoad Time = Jan 15 2024 13:57:00
* ds
* SeacatPlus V 1.6  SERIAL NO. 4268    15 Jan 2024  13:59:04
# nquan = 16
# nvalues = 632                                   
# units = specified
# name 0 = depFM: Depth [fresh water, m]
# name 1 = tv290C: Temperature [ITS-90, deg C]
# name 2 = tv268C: Temperature [IPTS-68, deg C]
# name 3 = specc: Specific Conductance [uS/cm]
# name 4 = c0uS/cm: Conductivity [uS/cm]
# name 5 = prdE: Pressure, Strain Gauge [psi]
# name 6 = sbeox0Mg/L: Oxygen, SBE 43 [mg/l]
# name 7 = sbeox0PS: Oxygen, SBE 43 [% saturation]
# name 8 = oxsolMg/L: Oxygen Saturation, Garcia & Gordon [mg/l]
# name 9 = oxsatMg/L: Oxygen Saturation, Weiss [mg/l]
# name 10 = par: PAR/Irradiance, Biospherical/Licor
# name 11 = flCM: Fluorescence, Chelsea Mini Chl Con [ug/l]
# name 12 = bat: Beam Attenuation, Chelsea/Seatech [1/m]
# name 13 = xmiss: Beam Transmission, Chelsea/Seatech [%]
# name 14 = density00: Density [density, kg/m^3]
# name 15 = flag:  0.000e+00
# span 0 =     -0.665,     15.547                 
# span 1 =     9.7074,    31.2117                 
# span 2 =     9.7097,    31.2192                 
# span 3 =     -2.674,    101.138                 
# span 4 =  -3.001336, 102.607700                 
# span 5 =     -0.946,     22.113                 
# span 6 =     0.0747,    10.1658                 
# span 7 =      0.658,    122.267                 
# span 8 =    7.40353,   11.36302                 
# span 9 =    7.38380,   11.35194                 
# span 10 = 2.8987e-01, 1.3839e+03                
# span 11 =    -0.3612,    67.3886                
# span 12 =     1.2533,    13.9875                
# span 13 =     3.0292,    73.1014                
# span 14 =   995.2738,   999.8372                
# span 15 = 0.0000e+00, 0.0000e+00                
# interval = seconds: 0.25
# start_time = Jan 12 2024 14:50:06 [Instrument's time stamp, header]
# bad_flag = -9.990e-29
*END*
[from data line 272]
      0.510    24.6501    24.6560     95.601  94.943700      0.726     9.7949    117.805    8.31446    8.29511 3.7084e+01     1.8498     1.7605    64.3953   997.1755  0.000e+00
      0.527    24.6501    24.6560     95.694  95.035291      0.749     9.5973    115.430    8.31445    8.29511 3.5938e+01     2.5176     1.7406    64.7166   997.1756  0.000e+00
      0.518    24.6456    24.6515     95.702  95.035292      0.736     9.4332    113.446    8.31515    8.29580 3.8779e+01     2.3247     1.7408    64.7137   997.1767  0.000e+00
      0.442    24.6392    24.6451     95.715  95.035293      0.629     9.3025    111.861    8.31613    8.29678 4.0439e+01     1.9134     1.7806    64.0726   997.1780  0.000e+00
      0.320    24.6510    24.6569     95.784  95.126879      0.455     9.1893    110.524    8.31431    8.29496 3.8770e+01     0.6839     1.7768    64.1333   997.1745  0.000e+00
      0.201    24.6750    24.6809     95.799  95.187931      0.286     9.1068    109.580    8.31062    8.29126 4.4351e+01     0.7963     1.7912    63.9038   997.1679  0.000e+00
      0.095    24.7032    24.7091     95.745  95.187922      0.135     9.0685    109.177    8.30628    8.28691 4.1008e+01     0.9934     1.7718    64.2132   997.1603  0.000e+00
      0.011    24.7120    24.7180     95.728  95.187918      0.016     9.0568    109.053    8.30492    8.28554 5.4285e+01     1.9219     1.7796    64.0888   997.1576  0.000e+00
     -0.061    24.7144    24.7204     95.723  95.187917     -0.087     9.0542    109.027    8.30455    8.28517 4.0644e+01     0.6881     1.7405    64.7181   997.1567  0.000e+00
     -0.124    24.7233    24.7292     95.768  95.248974     -0.176     9.0544    109.047    8.30319    8.28381 4.3566e+01     0.7517     1.7589    64.4220   997.1542  0.000e+00
     -0.145    24.7374    24.7433     95.771  95.279500     -0.206     9.0614    109.160    8.30104    8.28164 4.0190e+01     0.4465     1.7399    64.7285   997.1505  0.000e+00
     -0.165    24.7472    24.7532     95.660  95.187906     -0.234     9.0681    109.260    8.29952    8.28012 4.2181e+01    -0.1959     1.7367    64.7803   997.1479  0.000e+00
     -0.216    24.7485    24.7545     95.750  95.279496     -0.308     9.0763    109.362    8.29932    8.27992 4.0070e+01    -0.3612     1.7613    64.3835   997.1474  0.000e+00
     -0.257    24.7607    24.7667     95.880  95.432145     -0.365     9.0544    109.123    8.29745    8.27804 4.0402e+01    -0.1853     7.8893    13.9133   997.1441  0.000e+00
     -0.269    24.8017    24.8077     95.893  95.523724     -0.383     9.0240    108.839    8.29116    8.27174 4.3148e+01     1.1757    12.2272     4.7038   997.1337  0.000e+00
     -0.269    24.8356    24.8416     95.827  95.523714     -0.383     9.0002    108.620    8.28597    8.26653 9.7417e+02    -0.3612    11.0567     6.3029   997.1250  0.000e+00
     -0.258    24.8528    24.8587     95.702  95.432116     -0.367     8.9642    108.219    8.28335    8.26390 6.6840e+01    -0.3612    11.4389     5.7284   997.1207  0.000e+00
     -0.243    24.8536    24.8596     95.640  95.371055     -0.345     8.9288    107.794    8.28323    8.26377 4.5192e+01    -0.3612     3.8775    37.9321   997.1205  0.000e+00
     -0.233    24.8490    24.8549     95.710  95.432118     -0.331     8.8878    107.289    8.28393    8.26448 5.6635e+01     0.8514     2.9328    48.0373   997.1217  0.000e+00
     -0.233    24.8450    24.8510     95.564  95.279466     -0.331     8.8500    106.825    8.28455    8.26510 7.2321e+01     0.7263     1.8458    63.0361   997.1227  0.000e+00
     -0.239    24.8261    24.8320     95.693  95.371063     -0.341     8.8367    106.627    8.28744    8.26800 1.0418e+03     0.4486     1.6976    65.4155   997.1275  0.000e+00
     -0.256    24.8056    24.8116     95.640  95.279478     -0.364     8.8403    106.631    8.29057    8.27115 1.0252e+03     0.1560     7.3135    16.0676   997.1327  0.000e+00
     -0.266    24.7924    24.7983     95.819  95.432135     -0.378     8.8395    106.595    8.29260    8.27318 1.0234e+03    -0.2976    11.5693     5.5448   997.1360  0.000e+00
     -0.271    24.7861    24.7920     95.677  95.279484     -0.386     8.8160    106.299    8.29356    8.27415 1.0117e+03     0.2896    13.4402     3.4734   997.1376  0.000e+00
     -0.283    24.7826    24.7885     95.776  95.371076     -0.403     8.7870    105.942    8.29410    8.27469 1.0276e+03     0.3299    11.3540     5.8513   997.1384  0.000e+00
     -0.291    24.7960    24.8019     95.658  95.279481     -0.414     8.7476    105.493    8.29205    8.27262 1.0122e+03     0.7390    13.9875     3.0292   997.1350  0.000e+00
     -0.288    24.8119    24.8179     95.781  95.432129     -0.409     8.6947    104.887    8.28960    8.27018 1.0129e+03     0.6224     9.8834     8.4513   997.1310  0.000e+00
     -0.282    24.8234    24.8294     95.698  95.371064     -0.402     8.6241    104.057    8.28785    8.26841 8.4593e+02     1.3029    12.7097     4.1693   997.1280  0.000e+00
     -0.278    24.8357    24.8417     95.827  95.523713     -0.395     8.5372    103.032    8.28596    8.26652 9.3803e+02     2.0809     9.3921     9.5558   997.1250  0.000e+00
     -0.276    24.8712    24.8772     95.759  95.523702     -0.392     8.4459    101.997    8.28053    8.26107 1.0231e+03     1.2987    11.2472     6.0097   997.1159  0.000e+00
     -0.285    24.9048    24.9107     95.695  95.523692     -0.405     8.3349    100.719    8.27541    8.25593 1.0378e+03     1.0570    10.1254     7.9552   997.1073  0.000e+00
     -0.309    24.9235    24.9295     95.750  95.615279     -0.439     8.2019     99.147    8.27254    8.25306 1.0029e+03     0.5207     8.0151    13.4824   997.1024  0.000e+00
     -0.325    24.9349    24.9409     95.728  95.615275     -0.463     8.0558     97.401    8.27081    8.25132 1.0043e+03     0.5291     9.3288     9.7083   997.0994  0.000e+00
     -0.331    24.9402    24.9462     95.718  95.615273     -0.471     7.9274     95.858    8.27001    8.25051 9.8630e+02    -0.3612    10.7502     6.8048   997.0980  0.000e+00
     -0.325    24.9374    24.9434     95.877  95.767929     -0.463     7.7996     94.307    8.27043    8.25094 9.8834e+02    -0.3612    13.0738     3.8065   997.0988  0.000e+00
     -0.318    24.9386    24.9446     95.874  95.767929     -0.452     7.6915     93.003    8.27024    8.25075 9.9538e+02    -0.3379     9.5527     9.1797   997.0985  0.000e+00
     -0.296    24.9443    24.9503     95.802  95.706865     -0.421     7.6180     92.122    8.26938    8.24988 7.2255e+01     1.6951    10.6428     6.9899   997.0972  0.000e+00
     -0.256    24.9492    24.9552     95.854  95.767926     -0.364     7.5996     91.908    8.26863    8.24913 7.5005e+01     0.8980     2.6965    50.9601   997.0961  0.000e+00
     -0.215    24.9543    24.9603     95.691  95.615270     -0.306     7.5827     91.713    8.26785    8.24835 6.4331e+02     1.2499     1.8383    63.1546   997.0949  0.000e+00
     -0.167    24.9595    24.9655     95.773  95.706862     -0.238     7.5716     91.588    8.26705    8.24755 9.9447e+02     0.9595     1.7036    65.3178   997.0938  0.000e+00
     -0.107    24.9626    24.9686     95.828  95.767924     -0.152     7.5540     91.379    8.26658    8.24708 5.9577e+02     0.7835     1.6635    65.9766   997.0933  0.000e+00
     -0.052    24.9654    24.9714     95.914  95.859517     -0.074     7.5366     91.174    8.26616    8.24665 2.4399e+02     1.0634     1.6590    66.0507   997.0929  0.000e+00
     -0.016    24.9697    24.9757     95.815  95.767922     -0.022     7.5400     91.223    8.26551    8.24600 2.2110e+02     0.1030     1.6525    66.1588   997.0919  0.000e+00
      0.005    24.9759    24.9819     95.803  95.767920      0.008     7.5124     90.899    8.26456    8.24505 2.6238e+02     0.4592     1.6582    66.0640   997.0904  0.000e+00
      0.029    24.9800    24.9860     95.795  95.767919      0.042     7.4885     90.617    8.26393    8.24442 1.5708e+02     1.2393     1.6941    65.4732   997.0895  0.000e+00
      0.060    24.9803    24.9863     95.794  95.767920      0.086     7.4790     90.502    8.26389    8.24438 8.9477e+01     1.0930     1.6961    65.4407   997.0895  0.000e+00
      0.087    24.9808    24.9868     95.763  95.737389      0.123     7.4699     90.393    8.26382    8.24431 7.5005e+01     1.1545     1.6942    65.4717   997.0895  0.000e+00
      0.099    24.9806    24.9866     95.733  95.706858      0.140     7.4445     90.085    8.26385    8.24434 7.1171e+02     1.4598     1.7044    65.3044   997.0896  0.000e+00
      0.114    24.9804    24.9864     95.794  95.767920      0.162     7.3946     89.481    8.26388    8.24436 1.3839e+03     1.6082     1.6754    65.7797   997.0897  0.000e+00
      0.128    24.9801    24.9861     95.733  95.706858      0.182     7.3238     88.623    8.26392    8.24441 6.2199e+01     1.0655     1.6674    65.9115   997.0898  0.000e+00
      0.136    24.9831    24.9891     95.728  95.706857      0.193     7.2594     87.850    8.26347    8.24395 7.2388e+01     0.7645     1.6672    65.9145   997.0891  0.000e+00
      0.140    24.9915    24.9975     95.773  95.767917      0.200     7.1780     86.878    8.26219    8.24267 4.3736e+01     1.0082     1.6900    65.5399   997.0870  0.000e+00
      0.134    24.9954    25.0014     95.765  95.767916      0.190     7.0966     85.899    8.26159    8.24207 4.8143e+01     1.9113     1.6726    65.8256   997.0860  0.000e+00
      0.130    24.9975    25.0035     95.761  95.767915      0.186     7.0100     84.853    8.26127    8.24175 4.7149e+01     2.7423     1.6665    65.9263   997.0854  0.000e+00
      0.157    24.9977    25.0037     95.700  95.706853      0.223     6.9467     84.087    8.26124    8.24172 4.7420e+01     1.9537     1.6732    65.8167   997.0854  0.000e+00
      0.200    24.9956    25.0016     95.856  95.859510      0.284     6.9288     83.868    8.26156    8.24204 7.5005e+02     1.9071     1.6822    65.6687   997.0862  0.000e+00
      0.230    24.9970    25.0030     96.006  96.012167      0.328     6.9661     84.322    8.26135    8.24183 4.6346e+02     1.6400     1.6971    65.4244   997.0861  0.000e+00
      0.268    25.0120    25.0180     95.581  95.615256      0.381     7.0013     84.771    8.25907    8.23954 3.7289e+02     2.0004     1.6968    65.4288   997.0822  0.000e+00
      0.320    25.0103    25.0163     95.737  95.767913      0.456     7.0568     85.440    8.25932    8.23980 3.1129e+02     1.1376     1.6950    65.4584   997.0830  0.000e+00
      0.378    24.9770    24.9830     95.892  95.859517      0.537     7.1948     87.058    8.26438    8.24487 4.7486e+02     0.7115     1.6910    65.5251   997.0918  0.000e+00
      0.422    24.9774    24.9834     95.739  95.706861      0.600     7.3821     89.325    8.26433    8.24482 4.8642e+02     0.7814     1.6872    65.5872   997.0918  0.000e+00
      0.456    24.9788    24.9848     95.736  95.706861      0.648     7.6305     92.333    8.26412    8.24461 3.7025e+02     0.6203     1.6963    65.4377   997.0916  0.000e+00
      0.490    24.9591    24.9651     95.774  95.706868      0.696     7.8431     94.871    8.26712    8.24762 8.8378e+02     0.7687     1.7169    65.1016   997.0968  0.000e+00
      0.526    24.9451    24.9511     95.862  95.767935      0.748     7.9690     96.369    8.26925    8.24975 5.2607e+02     1.3750     1.7665    64.2991   997.1006  0.000e+00
      0.578    24.9308    24.9368     95.736  95.615284      0.821     8.0121     96.865    8.27144    8.25195 3.0222e+02     1.5255     1.7375    64.7670   997.1045  0.000e+00
      0.631    24.9004    24.9064     95.886  95.706887      0.898     8.0011     96.677    8.27607    8.25660 2.4478e+02     2.0915     1.7315    64.8647   997.1125  0.000e+00
      0.690    24.8604    24.8664     95.688  95.432122      0.981     7.9388     95.854    8.28219    8.26274 2.7537e+02     2.8038     1.7398    64.7300   997.1229  0.000e+00
      0.748    24.8188    24.8247     95.952  95.615321      1.064     7.8361     94.542    8.28855    8.26912 2.8961e+02     2.6724     1.7197    65.0557   997.1339  0.000e+00
      0.809    24.7875    24.7934     95.767  95.371085      1.151     7.7308     93.217    8.29335    8.27393 6.5356e+02     1.6485     1.7463    64.6248   997.1420  0.000e+00
      0.883    24.7552    24.7611     95.737  95.279504      1.256     7.6846     92.604    8.29830    8.27890 2.5201e+02     1.6718     1.7552    64.4812   997.1505  0.000e+00
      0.960    24.7284    24.7343     95.696  95.187921      1.365     7.6894     92.616    8.30241    8.28303 3.3620e+02     1.5382     1.7519    64.5345   997.1577  0.000e+00
      1.036    24.7056    24.7115     95.740  95.187929      1.473     7.7167     92.906    8.30592    8.28654 1.9090e+02     1.6908     1.7617    64.3761   997.1638  0.000e+00
      1.089    24.6862    24.6921     95.624  95.035285      1.550     7.7503     93.277    8.30890    8.28953 9.9927e+02     1.6103     1.7541    64.4990   997.1689  0.000e+00
      1.126    24.6710    24.6769     95.746  95.126880      1.601     7.7811     93.621    8.31123    8.29188 1.2225e+03     1.6485     1.7585    64.4279   997.1730  0.000e+00
      1.165    24.6536    24.6595     95.687  95.035295      1.657     7.8036     93.862    8.31392    8.29457 2.5862e+02     1.8901     1.7680    64.2754   997.1775  0.000e+00
      1.215    24.6397    24.6456     95.714  95.035300      1.728     7.8377     94.248    8.31606    8.29671 7.1646e+02     1.6908     1.7766    64.1362   997.1813  0.000e+00
      1.282    24.6290    24.6349     95.642  94.943714      1.823     7.9143     95.150    8.31770    8.29837 2.6244e+02     1.4237     1.7591    64.4175   997.1843  0.000e+00
      1.344    24.6207    24.6266     95.597  94.882657      1.912     8.0252     96.469    8.31898    8.29965 1.9921e+02     1.4025     1.7633    64.3509   997.1866  0.000e+00
      1.405    24.6118    24.6177     95.614  94.882660      1.998     8.1835     98.356    8.32036    8.30103 4.3010e+02     1.6569     1.7579    64.4368   997.1891  0.000e+00
      1.467    24.6008    24.6067     95.696  94.943724      2.087     8.3642    100.507    8.32204    8.30272 5.1711e+02     2.1827     1.7688    64.2621   997.1922  0.000e+00
      1.531    24.5889    24.5948     95.719  94.943728      2.178     8.5187    102.341    8.32388    8.30457 2.1753e+02     2.1254     1.7877    63.9585   997.1955  0.000e+00
      1.606    24.5789    24.5848     95.585  94.791083      2.284     8.6367    103.739    8.32542    8.30611 4.7150e+02     1.8308     1.7749    64.1644   997.1983  0.000e+00
      1.676    24.5685    24.5744     95.697  94.882676      2.384     8.7073    104.566    8.32703    8.30773 3.6170e+02     1.7438     1.7834    64.0281   997.2013  0.000e+00
      1.742    24.5586    24.5645     95.624  94.791090      2.478     8.7562    105.135    8.32855    8.30925 3.2987e+02     1.8350     1.7674    64.2843   997.2040  0.000e+00
      1.805    24.5492    24.5551     95.642  94.791094      2.567     8.7532    105.081    8.33001    8.31072 1.6922e+02     1.8435     1.8065    63.6595   997.2067  0.000e+00
      1.863    24.5370    24.5429     95.666  94.791098      2.650     8.7396    104.893    8.33190    8.31261 4.0718e+02     1.8668     1.9066    62.0856   997.2101  0.000e+00
      1.914    24.5247    24.5306     95.535  94.638454      2.723     8.7613    105.129    8.33380    8.31452 2.9796e+02     1.8096     1.8845    62.4305   997.2133  0.000e+00
      1.966    24.5120    24.5179     95.560  94.638459      2.796     8.7827    105.361    8.33576    8.31648 2.6310e+02     1.7714     1.9238    61.8190   997.2168  0.000e+00
      2.040    24.4961    24.5020     95.591  94.638464      2.901     8.7798    105.296    8.33822    8.31896 2.3333e+02     1.7693     1.8467    63.0228   997.2211  0.000e+00
