data/ctd_cnv_files/2024.02.24 Okaro 1 143.cnv
* Sea-Bird SBE19plus Data File:
* FileName = C:\Users\instrument\Desktop\Iola Rosa. CTD Casts\February 2024\Feb143.hex
* Software Version 1.59
* Temperature SN =  4268
* Conductivity SN =  4268
* System UpLoad Time = Feb 26 2024 13:59:39
* ds
* SeacatPlus V 1.6  SERIAL NO. 4268    26 Feb 2024  13:53:56
# nquan = 16
# nvalues = 760                                   
# units = specified
# name 0 = depFM: Depth [fresh water, m]
# name 1 = tv290C: Temperature [ITS-90, deg C]
# name 2 = tv268C: Temperature [IPTS-68, deg C]
# name 3 = specc: Specific Conductance [uS/cm]
# name 4 = c0uS/cm: Conductivity [uS/cm]
# name 5 = prdE: Pressure, Strain Gauge [psi]
# name 6 = sbeox0Mg/L: Oxygen, SBE 43 [mg/l]
# name 7 = sbeox0PS: Oxygen, SBE 43 [% saturation]
# name 8 = oxsolMg/L: Oxygen Saturation, Garcia & Gordon [mg/l]
# name 9 = oxsatMg/L: Oxygen Saturation, Weiss [mg/l]
# name 10 = par: PAR/Irradiance, Biospherical/Licor
# name 11 = flCM: Fluorescence, Chelsea Mini Chl Con [ug/l]
# name 12 = bat: Beam Attenuation, Chelsea/Seatech [1/m]
# name 13 = xmiss: Beam Transmission, Chelsea/Seatech [%]
# name 14 = density00: Density [density, kg/m^3]
# name 15 = flag:  0.000e+00
# span 0 =     -0.634,     15.134                 
# span 1 =     9.8450,    22.7236                 
# span 2 =     9.8473,    22.7290                 
# span 3 =     -2.299,    295.656                 
# span 4 =  -2.029214, 277.048872                 
# span 5 =     -0.902,     21.525                 
# span 6 =    -0.6501,     9.4426                 
# span 7 =     -6.296,    109.402                 
# span 8 =    8.62070,   11.32593                 
# span 9 =    8.60250,   11.31485                 
# span 10 = 8.8294e-02, 6.2143e+02                
# span 11 =    -0.3612,    38.7382                
# span 12 =     1.4383,    11.1441                
# span 13 =     6.1666,    69.7981                
# span 14 =   997.6445,   999.8249                
# span 15 = 0.0000e+00, 0.0000e+00                
# interval = seconds: 0.25
# start_time = Feb 22 2024 09:31:04 [Instrument's time stamp, header]
# bad_flag = -9.990e-29
*END*
[from data line 181]
      0.066    22.0501    22.0554    229.378 215.869121      0.093     6.6191     75.825    8.72948    8.71173 1.5625e+02     3.1345     1.7527    64.5212   997.8453  0.000e+00
      0.068    22.0436    22.0489    233.327 219.555012      0.096     6.4885     74.320    8.73048    8.71274 1.5747e+02     3.1705     1.7467    64.6189   997.8482  0.000e+00
      0.067    22.0356    22.0409    228.893 215.347018      0.095     6.3761     73.020    8.73192    8.71418 1.7822e+02     3.2702     1.7397    64.7314   997.8484  0.000e+00
      0.063    22.0282    22.0335    216.233 203.403495      0.090     6.2726     71.823    8.73347    8.71574 1.7822e+02     3.2914     1.7544    64.4945   997.8456  0.000e+00
      0.068    22.0245    22.0298    211.779 199.198832      0.096     6.1953     70.932    8.73421    8.71647 1.7012e+02     3.3020     1.7557    64.4723   997.8448  0.000e+00
      0.067    22.0235    22.0288    221.476 208.315155      0.095     6.1144     70.006    8.73415    8.71641 1.5167e+02     3.2935     1.8085    63.6269   997.8485  0.000e+00
      0.068    22.0194    22.0247    234.949 220.968129      0.096     6.0574     69.350    8.73451    8.71678 1.3870e+02     3.2172     1.7601    64.4013   997.8543  0.000e+00
      0.070    22.0113    22.0166    236.786 222.657839      0.100     6.0036     68.724    8.73582    8.71810 1.4221e+02     3.1069     1.7777    64.1199   997.8568  0.000e+00
      0.067    22.0035    22.0087    233.885 219.892947      0.095     5.9566     68.175    8.73722    8.71950 1.3744e+02     3.0603     1.7658    64.3109   997.8576  0.000e+00
      0.066    21.9975    22.0028    232.575 218.633510      0.093     5.9098     67.632    8.73824    8.72053 1.1542e+02     3.0137     1.7849    64.0044   997.8584  0.000e+00
      0.066    21.9930    21.9983    232.042 218.111329      0.093     5.8653     67.117    8.73902    8.72131 1.1236e+02     2.9797     1.7876    63.9615   997.8593  0.000e+00
      0.067    21.9887    21.9940    224.286 210.802158      0.095     5.8298     66.703    8.73993    8.72222 1.1893e+02     2.9988     1.7666    64.2976   997.8575  0.000e+00
      0.067    21.9865    21.9918    219.070 205.889901      0.095     5.7875     66.215    8.74042    8.72272 1.1340e+02     2.9903     1.7681    64.2739   997.8561  0.000e+00
      0.068    21.9863    21.9916    224.428 210.924981      0.096     5.7555     65.849    8.74032    8.72262 1.2984e+02     3.0327     1.7790    64.0992   997.8580  0.000e+00
      0.069    21.9847    21.9900    237.901 223.579574      0.098     5.7242     65.492    8.74027    8.72257 1.2964e+02     3.0879     1.7522    64.5301   997.8633  0.000e+00
      0.066    21.9798    21.9851    243.551 228.864887      0.093     5.6971     65.177    8.74096    8.72326 1.4306e+02     3.0455     1.7703    64.2384   997.8664  0.000e+00
      0.067    21.9737    21.9790    237.859 223.487409      0.095     5.6708     64.867    8.74212    8.72442 1.3432e+02     3.0052     1.7751    64.1614   997.8657  0.000e+00
      0.066    21.9694    21.9746    229.151 215.285640      0.093     5.6424     64.536    8.74307    8.72537 1.3423e+02     2.9649     1.7868    63.9734   997.8636  0.000e+00
      0.066    21.9672    21.9724    227.364 213.596548      0.093     5.6166     64.238    8.74348    8.72579 1.3313e+02     2.9098     1.7742    64.1762   997.8634  0.000e+00
      0.068    21.9662    21.9714    226.944 213.197328      0.096     5.5890     63.920    8.74366    8.72597 1.3146e+02     2.9098     1.7759    64.1481   997.8635  0.000e+00
      0.069    21.9644    21.9697    227.966 214.149328      0.098     5.5663     63.659    8.74393    8.72624 1.3715e+02     2.9713     1.7863    63.9822   997.8643  0.000e+00
      0.069    21.9619    21.9672    234.713 220.476646      0.098     5.5410     63.368    8.74418    8.72649 1.3867e+02     3.0391     1.7812    64.0637   997.8673  0.000e+00
      0.066    21.9582    21.9635    244.906 230.032772      0.093     5.5207     63.133    8.74456    8.72688 1.2047e+02     3.0836     1.7591    64.4175   997.8718  0.000e+00
      0.070    21.9536    21.9589    242.967 228.188802      0.100     5.4935     62.816    8.74539    8.72771 1.3267e+02     3.0031     1.7516    64.5390   997.8722  0.000e+00
      0.069    21.9496    21.9549    233.172 218.971436      0.098     5.4724     62.568    8.74629    8.72861 1.3158e+02     3.0963     1.7529    64.5182   997.8695  0.000e+00
      0.071    21.9474    21.9527    228.637 214.702134      0.101     5.4534     62.347    8.74677    8.72909 1.3578e+02     3.1472     1.7654    64.3169   997.8684  0.000e+00
      0.069    21.9463    21.9516    235.413 221.060343      0.098     5.4342     62.128    8.74680    8.72912 1.3615e+02     3.1430     1.7516    64.5390   997.8711  0.000e+00
      0.070    21.9442    21.9494    248.547 233.383095      0.100     5.4103     61.855    8.74685    8.72917 1.5394e+02     3.0624     1.7614    64.3805   997.8763  0.000e+00
      0.068    21.9407    21.9460    245.456 230.463070      0.096     5.3929     61.650    8.74751    8.72983 1.4936e+02     2.9204     1.7694    64.2517   997.8760  0.000e+00
      0.069    21.9379    21.9432    231.889 217.712060      0.098     5.3749     61.439    8.74830    8.73063 1.6562e+02     2.8314     1.7567    64.4575   997.8717  0.000e+00
      0.068    21.9370    21.9423    227.150 213.258766      0.096     5.3571     61.234    8.74857    8.73090 1.6668e+02     2.7423     1.7523    64.5271   997.8702  0.000e+00
      0.071    21.9374    21.9427    230.190 216.114905      0.101     5.3385     61.022    8.74843    8.73075 1.5536e+02     2.6575     1.7449    64.6470   997.8712  0.000e+00
      0.071    21.9366    21.9418    235.102 220.722425      0.101     5.3243     60.860    8.74845    8.73078 1.6013e+02     2.6194     1.7449    64.6470   997.8732  0.000e+00
      0.070    21.9340    21.9392    240.482 225.761172      0.100     5.3107     60.703    8.74876    8.73109 1.3959e+02     2.7148     1.7764    64.1407   997.8757  0.000e+00
      0.072    21.9307    21.9359    248.979 233.721240      0.103     5.2944     60.513    8.74911    8.73144 1.3343e+02     2.8229     1.7717    64.2162   997.8795  0.000e+00
      0.070    21.9270    21.9323    255.909 240.208379      0.100     5.2832     60.383    8.74956    8.73189 1.3959e+02     2.8716     1.7806    64.0726   997.8828  0.000e+00
      0.069    21.9245    21.9298    256.382 240.638880      0.098     5.2673     60.198    8.74997    8.73231 1.3544e+02     2.9416     1.7598    64.4072   997.8836  0.000e+00
      0.070    21.9217    21.9269    242.608 227.697128      0.099     5.2477     59.969    8.75078    8.73312 1.1693e+02     2.9946     1.7689    64.2606   997.8793  0.000e+00
      0.068    21.9192    21.9245    232.080 217.804221      0.096     5.2288     59.748    8.75145    8.73379 1.1252e+02     3.0115     1.7511    64.5464   997.8760  0.000e+00
      0.069    21.9183    21.9236    234.834 220.384518      0.098     5.2143     59.581    8.75154    8.73388 1.1444e+02     3.0306     1.7410    64.7107   997.8772  0.000e+00
      0.072    21.9178    21.9230    246.296 231.139267      0.103     5.1968     59.382    8.75135    8.73369 1.0430e+02     3.0115     1.7427    64.6826   997.8815  0.000e+00
      0.071    21.9150    21.9203    253.387 237.779314      0.101     5.1912     59.316    8.75165    8.73399 1.0992e+02     2.9373     1.7609    64.3894   997.8847  0.000e+00
      0.069    21.9119    21.9172    252.683 237.102917      0.098     5.1776     59.157    8.75219    8.73453 1.1954e+02     2.9373     1.7442    64.6589   997.8851  0.000e+00
      0.070    21.9097    21.9150    250.892 235.412017      0.099     5.1628     58.986    8.75260    8.73495 1.1688e+02     2.9098     1.7478    64.5997   997.8850  0.000e+00
      0.071    21.9078    21.9130    258.243 242.299474      0.101     5.1510     58.850    8.75275    8.73510 1.0483e+02     2.8971     1.7699    64.2443   997.8881  0.000e+00
      0.070    21.9053    21.9106    264.289 247.958765      0.099     5.1372     58.691    8.75302    8.73537 1.0468e+02     2.8865     1.7590    64.4205   997.8908  0.000e+00
      0.070    21.9025    21.9077    255.847 240.023901      0.099     5.1232     58.526    8.75370    8.73606 1.0650e+02     2.8610     1.7567    64.4575   997.8884  0.000e+00
      0.071    21.8994    21.9046    244.329 229.203008      0.101     5.1064     58.328    8.75451    8.73686 1.0323e+02     2.9331     1.7858    63.9896   997.8849  0.000e+00
      0.071    21.8978    21.9031    243.452 228.373234      0.101     5.0949     58.196    8.75478    8.73714 1.0071e+02     2.9331     1.7669    64.2932   997.8850  0.000e+00
      0.072    21.8973    21.9026    246.305 231.047075      0.103     5.0797     58.022    8.75480    8.73716 1.0210e+02     2.9903     1.7576    64.4427   997.8861  0.000e+00
      0.074    21.8956    21.9008    245.594 230.370899      0.106     5.0720     57.932    8.75512    8.73747 1.0325e+02     3.0476     1.7565    64.4605   997.8863  0.000e+00
      0.081    21.8930    21.8982    245.444 230.217228      0.115     5.0630     57.826    8.75556    8.73792 9.7015e+01     3.1112     1.7473    64.6085   997.8868  0.000e+00
      0.092    21.8909    21.8961    250.829 235.258321      0.131     5.0554     57.738    8.75579    8.73815 9.6483e+01     3.1387     1.7474    64.6071   997.8893  0.000e+00
      0.095    21.8887    21.8939    269.664 252.911942      0.135     5.0457     57.628    8.75570    8.73806 1.0147e+02     3.1197     1.7589    64.4220   997.8966  0.000e+00
      0.095    21.8855    21.8907    283.729 266.085193      0.135     5.0372     57.529    8.75590    8.73826 1.0526e+02     3.0688     1.7667    64.2961   997.9025  0.000e+00
      0.088    21.8800    21.8853    282.679 265.069202      0.124     5.0249     57.382    8.75685    8.73921 1.0459e+02     3.0730     1.7607    64.3924   997.9033  0.000e+00
      0.084    21.8729    21.8781    267.950 251.219746      0.120     5.0120     57.225    8.75841    8.74078 1.1389e+02     3.0857     1.7694    64.2532   997.8995  0.000e+00
      0.080    21.8681    21.8734    258.462 242.299505      0.114     5.0029     57.115    8.75944    8.74181 1.2003e+02     3.1112     1.7567    64.4560   997.8971  0.000e+00
      0.075    21.8665    21.8718    258.405 242.238001      0.107     4.9889     56.953    8.75971    8.74208 1.1635e+02     3.0645     1.7655    64.3154   997.8974  0.000e+00
      0.073    21.8651    21.8704    262.251 245.836380      0.104     4.9842     56.898    8.75986    8.74223 1.0375e+02     3.0603     1.7725    64.2029   997.8992  0.000e+00
      0.071    21.8620    21.8673    266.371 249.681503      0.101     4.9750     56.790    8.76028    8.74266 1.0217e+02     3.0794     1.7811    64.0652   997.9013  0.000e+00
      0.070    21.8577    21.8630    263.737 247.189786      0.099     4.9673     56.697    8.76107    8.74345 1.0045e+02     3.0942     1.7849    64.0044   997.9013  0.000e+00
      0.071    21.8536    21.8589    256.212 240.116188      0.101     4.9590     56.597    8.76195    8.74433 1.0212e+02     3.0264     1.7611    64.3864   997.8996  0.000e+00
      0.067    21.8519    21.8572    252.022 236.180636      0.095     4.9506     56.499    8.76233    8.74472 1.0344e+02     2.9479     1.7782    64.1111   997.8984  0.000e+00
      0.071    21.8529    21.8581    252.804 236.918494      0.101     4.9390     56.368    8.76216    8.74455 1.0234e+02     2.8844     1.7748    64.1658   997.8985  0.000e+00
      0.074    21.8545    21.8598    262.409 245.928663      0.106     4.9305     56.274    8.76164    8.74403 9.8856e+01     2.8123     1.7481    64.5952   997.9016  0.000e+00
      0.077    21.8534    21.8587    285.894 267.932615      0.109     4.9241     56.203    8.76126    8.74364 1.0442e+02     2.8398     1.7910    63.9067   997.9104  0.000e+00
      0.075    21.8480    21.8532    295.656 277.048872      0.107     4.9117     56.058    8.76194    8.74433 1.0879e+02     2.8589     1.7969    63.8120   997.9152  0.000e+00
      0.077    21.8387    21.8440    286.510 268.425295      0.109     4.9058     55.978    8.76373    8.74612 1.1839e+02     2.8674     1.7770    64.1303   997.9139  0.000e+00
      0.074    21.8308    21.8361    259.653 243.222138      0.106     4.9020     55.923    8.76572    8.74812 1.2287e+02     2.9267     1.7723    64.2058   997.9059  0.000e+00
      0.073    21.8410    21.8462    122.201 114.493394      0.104     4.9014     55.906    8.76726    8.74966 1.4179e+02     2.9140     1.7741    64.1777   997.8547  0.000e+00
      0.072    22.0378    22.0430    106.884 100.562847      0.103     4.9305     56.449    8.73443    8.71669 1.6168e+02     2.8886     1.7614    64.3805   997.8049  0.000e+00
      0.073    22.3124    22.3177    104.005  98.425161      0.104     5.2270     60.160    8.68855    8.67062 1.4830e+02     2.8589     1.7740    64.1792   997.7411  0.000e+00
      0.071    22.4836    22.4890    102.472  97.325860      0.101     5.8833     67.935    8.66015    8.64211 1.2122e+02     2.8398     1.7878    63.9571   997.7011  0.000e+00
      0.071    22.5697    22.5752    101.613  96.684633      0.101     6.7154     77.671    8.64593    8.62783 1.1683e+02     2.8441     1.7804    64.0755   997.6808  0.000e+00
      0.070    22.6109    22.6163    100.916  96.104505      0.099     7.5512     87.407    8.63916    8.62103 1.0288e+02     2.8526     1.7837    64.0237   997.6710  0.000e+00
      0.072    22.6310    22.6365    100.520  95.768651      0.103     8.2861     95.950    8.63585    8.61771 9.7841e+01     2.9522     1.7992    63.7749   997.6661  0.000e+00
      0.072    22.6441    22.6495    100.333  95.615990      0.103     8.8639    102.666    8.63371    8.61556 1.0161e+02     2.9162     1.7843    64.0133   997.6630  0.000e+00
      0.074    22.6537    22.6592    100.120  95.432801      0.106     9.2630    107.308    8.63212    8.61397 1.0416e+02     2.8928     1.7566    64.4590   997.6607  0.000e+00
      0.073    22.6598    22.6653    100.299  95.615985      0.104     9.4426    109.402    8.63111    8.61295 1.1293e+02     2.8632     1.7612    64.3850   997.6593  0.000e+00
      0.070    22.6593    22.6648    100.108  95.432799      0.099     9.4265    109.214    8.63120    8.61304 1.0790e+02     2.8229     1.7520    64.5330   997.6594  0.000e+00
      0.070    22.6577    22.6631    100.048  95.371738      0.099     9.2729    107.431    8.63147    8.61331 1.0606e+02     2.8526     1.7542    64.4975   997.6597  0.000e+00
      0.067    22.6553    22.6607    100.053  95.371739      0.095     9.0766    105.152    8.63187    8.61371 1.0370e+02     2.8250     1.7871    63.9689   997.6603  0.000e+00
      0.068    22.6463    22.6517    100.168  95.463334      0.096     8.9024    103.116    8.63334    8.61519 1.0428e+02     2.8886     1.7701    64.2413   997.6624  0.000e+00
      0.068    22.6315    22.6369    100.263  95.524401      0.096     8.7574    101.409    8.63578    8.61764 1.1007e+02     2.9522     1.7733    64.1895   997.6659  0.000e+00
      0.067    22.6215    22.6269    100.284  95.524404      0.095     8.6491    100.135    8.63743    8.61929 1.0837e+02     3.0476     1.8134    63.5499   997.6683  0.000e+00
      0.067    22.6244    22.6298    100.278  95.524403      0.095     8.5560     99.063    8.63695    8.61881 1.0558e+02     3.0243     1.8187    63.4655   997.6676  0.000e+00
      0.067    22.6289    22.6343    100.172  95.432809      0.095     8.4846     98.245    8.63621    8.61807 1.1431e+02     3.0667     1.8320    63.2552   997.6665  0.000e+00
      0.067    22.6281    22.6335    100.110  95.371747      0.095     8.4287     97.595    8.63634    8.61820 1.0266e+02     3.0327     1.8279    63.3204   997.6667  0.000e+00
      0.066    22.6232    22.6286    100.024  95.280157      0.093     8.3918     97.159    8.63715    8.61901 1.0859e+02     3.0243     1.8086    63.6254   997.6678  0.000e+00
