data/ctd_cnv_files/2024.03.08 Okaro 1.1 139 CTD transition .cnv
* Sea-Bird SBE19plus  Data File:
* FileName = C:\Users\dcastle\Documents\CTD\SBE19plus_01908200_2024_03_12_0139.hex
* Software version 2.8.0.119
* Temperature SN = 8200
* Conductivity SN = 8200
* System UpLoad Time = Mar 12 2024 09:34:09
* <ApplicationData>
* <Seaterm232>
# nquan = 11
# nvalues = 1291                                  
# units = specified
# name 0 = depFM: Depth [fresh water, m]
# name 1 = tv290C: Temperature [ITS-90, deg C]
# name 2 = tv268C: Temperature [IPTS-68, deg C]
# name 3 = specc: Specific Conductance [uS/cm]
# name 4 = c0uS/cm: Conductivity [uS/cm]
# name 5 = prdE: Pressure, Strain Gauge [psi]
# name 6 = oxsolMg/L: Oxygen Saturation, Garcia & Gordon [mg/l]
# name 7 = oxsatMg/L: Oxygen Saturation, Weiss [mg/l]
# name 8 = par/sat/log: PAR/Logarithmic, Satlantic
# name 9 = density00: Density [density, kg/m^3]
# name 10 = flag:  0.000e+00
# span 0 =     -0.553,     16.059                 
# span 1 =     9.8762,    19.5110                 
# span 2 =     9.8786,    19.5157                 
# span 3 =      3.529,    234.561                 
# span 4 =   3.101990, 163.644603                 
# span 5 =     -0.786,     22.841                 
# span 6 =    9.17878,   11.31743                 
# span 7 =    9.16289,   11.30636                 
# span 8 = 1.1258e-01, 2.6999e+03                 
# span 9 =   998.3312,   999.8741                 
# span 10 = 0.0000e+00, 0.0000e+00                
# interval = seconds: 0.25
# start_time = Mar 09 2024 08:49:04 [Instrument's time stamp, header]
# bad_flag = -9.990e-29
*END*
[from data line 787]
      0.095    19.4273    19.4320     98.354  87.401493      0.135    9.19418    9.17836 2.7769e+02   998.3604  0.000e+00
      0.096    19.4278    19.4324     98.353  87.401493      0.136    9.19410    9.17827 2.1574e+02   998.3603  0.000e+00
      0.096    19.4277    19.4324     98.353  87.401493      0.136    9.19412    9.17829 2.6395e+02   998.3603  0.000e+00
      0.092    19.4281    19.4328     98.419  87.460942      0.131    9.19403    9.17820 3.1698e+02   998.3602  0.000e+00
      0.090    19.4279    19.4325     98.353  87.401493      0.128    9.19408    9.17825 3.4235e+02   998.3602  0.000e+00
      0.088    19.4273    19.4320     98.354  87.401493      0.125    9.19418    9.17836 3.9242e+02   998.3603  0.000e+00
      0.090    19.4268    19.4314     98.355  87.401493      0.128    9.19428    9.17846 5.7493e+02   998.3605  0.000e+00
      0.092    19.4269    19.4315     98.422  87.460942      0.131    9.19427    9.17844 3.0334e+02   998.3605  0.000e+00
      0.097    19.4278    19.4324     98.353  87.401493      0.138    9.19410    9.17827 2.8613e+02   998.3603  0.000e+00
      0.087    19.4281    19.4327     98.420  87.460942      0.124    9.19405    9.17822 3.3715e+02   998.3602  0.000e+00
      0.084    19.4277    19.4324     98.353  87.401493      0.119    9.19412    9.17829 3.1642e+02   998.3602  0.000e+00
      0.085    19.4288    19.4335     98.351  87.401493      0.121    9.19391    9.17809 3.6017e+02   998.3600  0.000e+00
      0.082    19.4301    19.4347     98.348  87.401492      0.116    9.19368    9.17785 3.6064e+02   998.3598  0.000e+00
      0.082    19.4310    19.4356     98.413  87.460941      0.116    9.19351    9.17768 3.4242e+02   998.3596  0.000e+00
      0.087    19.4316    19.4363     98.345  87.401492      0.124    9.19339    9.17756 3.7284e+02   998.3595  0.000e+00
      0.090    19.4315    19.4362     98.345  87.401492      0.128    9.19341    9.17758 2.7666e+02   998.3595  0.000e+00
      0.096    19.4309    19.4356     98.346  87.401492      0.136    9.19353    9.17770 2.2931e+02   998.3597  0.000e+00
      0.100    19.4301    19.4347     98.348  87.401492      0.142    9.19368    9.17785 3.1865e+02   998.3598  0.000e+00
      0.098    19.4281    19.4328     98.352  87.401493      0.139    9.19403    9.17820 5.1695e+02   998.3602  0.000e+00
      0.091    19.4173    19.4219     98.443  87.460945      0.130    9.19603    9.18021 2.7008e+02   998.3624  0.000e+00
      0.082    19.3973    19.4020     98.488  87.460950      0.116    9.19972    9.18391 2.7037e+02   998.3664  0.000e+00
      0.074    19.3807    19.3854     98.525  87.460955      0.105    9.20278    9.18699 4.1005e+02   998.3697  0.000e+00
      0.076    19.3720    19.3766     98.477  87.401509      0.108    9.20440    9.18861 2.5632e+02   998.3714  0.000e+00
      0.077    19.3686    19.3732     98.551  87.460958      0.110    9.20502    9.18923 2.7878e+02   998.3721  0.000e+00
      0.080    19.3673    19.3720     98.487  87.401510      0.114    9.20525    9.18947 2.1112e+02   998.3723  0.000e+00
      0.082    19.3673    19.3720     98.554  87.460959      0.116    9.20525    9.18947 2.2416e+02   998.3724  0.000e+00
      0.085    19.3670    19.3716     98.555  87.460959      0.121    9.20532    9.18954 2.8302e+02   998.3725  0.000e+00
      0.094    19.3681    19.3728     98.485  87.401510      0.133    9.20510    9.18932 3.1435e+02   998.3722  0.000e+00
      0.110    19.3704    19.3751     98.480  87.401509      0.156    9.20468    9.18890 2.9163e+02   998.3719  0.000e+00
      0.120    19.3723    19.3770     98.476  87.401509      0.170    9.20433    9.18854 2.6919e+02   998.3715  0.000e+00
      0.117    19.3731    19.3777     98.475  87.401509      0.167    9.20419    9.18841 2.4599e+02   998.3714  0.000e+00
      0.107    19.3725    19.3772     98.543  87.460958      0.152    9.20429    9.18851 4.2197e+02   998.3714  0.000e+00
      0.098    19.3713    19.3760     98.612  87.520407      0.139    9.20451    9.18873 2.1873e+02   998.3717  0.000e+00
      0.096    19.3699    19.3745     98.415  87.342061      0.136    9.20478    9.18900 2.7842e+02   998.3719  0.000e+00
      0.100    19.3686    19.3732     98.484  87.401510      0.142    9.20502    9.18924 3.2166e+02   998.3722  0.000e+00
      0.107    19.3685    19.3732     98.485  87.401510      0.152    9.20504    9.18925 2.4870e+02   998.3722  0.000e+00
      0.104    19.3672    19.3719     98.487  87.401510      0.148    9.20527    9.18949 2.8209e+02   998.3725  0.000e+00
      0.102    19.3659    19.3705     98.558  87.460959      0.145    9.20552    9.18974 6.8728e+02   998.3728  0.000e+00
      0.103    19.3656    19.3702     98.491  87.401511      0.147    9.20557    9.18979 2.2757e+02   998.3728  0.000e+00
      0.098    19.3661    19.3708     98.557  87.460959      0.139    9.20547    9.18969 2.5453e+02   998.3727  0.000e+00
      0.085    19.3670    19.3716     98.622  87.520408      0.121    9.20532    9.18954 3.9233e+02   998.3725  0.000e+00
      0.075    19.3660    19.3706     98.557  87.460959      0.107    9.20551    9.18972 2.1892e+02   998.3726  0.000e+00
      0.073    19.3634    19.3681     98.563  87.460960      0.104    9.20598    9.19020 2.7485e+02   998.3731  0.000e+00
      0.073    19.3617    19.3663     98.567  87.460960      0.104    9.20630    9.19052 2.6896e+02   998.3735  0.000e+00
      0.073    19.3611    19.3658     98.501  87.401512      0.104    9.20640    9.19062 3.2067e+02   998.3736  0.000e+00
      0.073    19.3611    19.3658     98.501  87.401512      0.104    9.20640    9.19062 4.8976e+02   998.3736  0.000e+00
      0.072    19.3613    19.3660     98.568  87.460960      0.102    9.20636    9.19059 3.7983e+02   998.3735  0.000e+00
      0.065    19.3603    19.3650     98.503  87.401512      0.093    9.20655    9.19077 1.2872e+02   998.3737  0.000e+00
      0.065    19.3589    19.3636     98.573  87.460961      0.093    9.20680    9.19102 2.5812e+02   998.3740  0.000e+00
      0.069    19.3591    19.3638     98.573  87.460961      0.097    9.20677    9.19099 3.4056e+02   998.3740  0.000e+00
      0.076    19.3602    19.3649     98.503  87.401512      0.108    9.20657    9.19079 4.3206e+02   998.3738  0.000e+00
      0.095    19.3615    19.3661     98.567  87.460961      0.135    9.20633    9.19055 2.5891e+02   998.3736  0.000e+00
      0.113    19.3631    19.3678     98.564  87.460960      0.161    9.20603    9.19025 3.6310e+02   998.3734  0.000e+00
      0.128    19.3671    19.3718     98.488  87.401511      0.182    9.20529    9.18951 3.8200e+02   998.3726  0.000e+00
      0.141    19.3742    19.3789     98.539  87.460957      0.201    9.20397    9.18819 3.2498e+02   998.3713  0.000e+00
      0.159    19.3893    19.3939     98.506  87.460953      0.226    9.20120    9.18540 1.3316e+02   998.3683  0.000e+00
      0.187    19.4052    19.4098     98.470  87.460949      0.266    9.19827    9.18246 3.6773e+02   998.3653  0.000e+00
      0.227    19.4198    19.4245     98.438  87.460945      0.323    9.19556    9.17974 3.0735e+02   998.3625  0.000e+00
      0.260    19.4303    19.4350     98.414  87.460942      0.369    9.19363    9.17780 4.1848e+02   998.3605  0.000e+00
      0.296    19.4371    19.4418     98.399  87.460941      0.420    9.19238    9.17655 5.9489e+02   998.3593  0.000e+00
      0.339    19.4471    19.4517     98.444  87.520387      0.482    9.19055    9.17470 3.6605e+02   998.3576  0.000e+00
      0.381    19.4559    19.4606     98.425  87.520385      0.542    9.18891    9.17307 3.9096e+02   998.3560  0.000e+00
      0.425    19.4662    19.4709     98.335  87.460934      0.604    9.18701    9.17116 3.0816e+02   998.3541  0.000e+00
      0.449    19.4680    19.4727     98.264  87.401485      0.638    9.18670    9.17084 2.2534e+02   998.3538  0.000e+00
      0.432    19.4606    19.4652     98.348  87.460935      0.615    9.18806    9.17221 2.9972e+02   998.3552  0.000e+00
      0.364    19.4253    19.4300     98.426  87.460945      0.518    9.19455    9.17873 5.6980e+02   998.3620  0.000e+00
      0.289    19.3866    19.3913     98.511  87.460955      0.411    9.20169    9.18589 5.1955e+02   998.3694  0.000e+00
      0.291    19.3686    19.3732     98.551  87.460960      0.414    9.20502    9.18923 4.6654e+02   998.3731  0.000e+00
      0.346    19.3711    19.3758     98.546  87.460960      0.492    9.20455    9.18876 3.9164e+02   998.3728  0.000e+00
      0.383    19.4017    19.4063     98.545  87.520400      0.544    9.19891    9.18310 3.6246e+02   998.3669  0.000e+00
      0.385    19.4280    19.4326     98.420  87.460944      0.547    9.19406    9.17824 2.9620e+02   998.3616  0.000e+00
      0.372    19.4321    19.4367     98.478  87.520392      0.529    9.19331    9.17747 2.5414e+02   998.3607  0.000e+00
      0.359    19.4293    19.4340     98.684  87.698740      0.510    9.19380    9.17798 4.1574e+02   998.3613  0.000e+00
      0.349    19.4571    19.4618     98.623  87.698732      0.496    9.18869    9.17284 2.5187e+02   998.3556  0.000e+00
      0.349    19.4815    19.4862     98.568  87.698725      0.496    9.18420    9.16833 4.3653e+02   998.3507  0.000e+00
      0.355    19.4936    19.4983     98.542  87.698722      0.505    9.18198    9.16610 2.8228e+02   998.3483  0.000e+00
      0.364    19.4990    19.5037     98.463  87.639271      0.518    9.18099    9.16511 5.3209e+02   998.3472  0.000e+00
      0.367    19.5022    19.5069     98.456  87.639270      0.522    9.18040    9.16452 4.3911e+02   998.3466  0.000e+00
      0.364    19.5036    19.5082     98.520  87.698719      0.518    9.18014    9.16426 4.7979e+02   998.3463  0.000e+00
      0.351    19.5039    19.5086     98.519  87.698719      0.499    9.18008    9.16419 3.8192e+02   998.3462  0.000e+00
      0.339    19.5038    19.5085     98.452  87.639269      0.482    9.18010    9.16421 3.4048e+02   998.3462  0.000e+00
      0.338    19.5037    19.5084     98.452  87.639269      0.481    9.18011    9.16423 7.5754e+02   998.3462  0.000e+00
      0.350    19.5036    19.5082     98.453  87.639269      0.498    9.18015    9.16426 4.1176e+02   998.3463  0.000e+00
      0.369    19.5028    19.5075     98.521  87.698719      0.525    9.18028    9.16440 2.5492e+02   998.3465  0.000e+00
      0.380    19.5034    19.5081     98.520  87.698719      0.541    9.18018    9.16429 5.4564e+02   998.3465  0.000e+00
      0.379    19.5041    19.5088     98.452  87.639269      0.539    9.18004    9.16416 4.1565e+02   998.3463  0.000e+00
      0.374    19.5045    19.5092     98.451  87.639269      0.532    9.17998    9.16409 5.6607e+02   998.3462  0.000e+00
      0.367    19.5040    19.5087     98.519  87.698719      0.522    9.18006    9.16418 5.6867e+02   998.3463  0.000e+00
      0.372    19.5039    19.5086     98.519  87.698719      0.529    9.18008    9.16419 4.3500e+02   998.3463  0.000e+00
      0.377    19.5042    19.5089     98.451  87.639269      0.536    9.18003    9.16414 3.2243e+02   998.3463  0.000e+00
      0.383    19.5042    19.5089     98.451  87.639269      0.544    9.18003    9.16414 6.2709e+02   998.3463  0.000e+00
      0.386    19.5037    19.5084     98.519  87.698719      0.549    9.18011    9.16423 2.8613e+02   998.3464  0.000e+00
      0.383    19.5038    19.5085     98.519  87.698719      0.544    9.18009    9.16421 6.1111e+02   998.3464  0.000e+00
      0.375    19.5045    19.5092     98.518  87.698719      0.533    9.17998    9.16409 3.9664e+02   998.3462  0.000e+00
      0.372    19.5042    19.5089     98.451  87.639269      0.529    9.18003    9.16414 2.9542e+02   998.3462  0.000e+00
      0.371    19.5037    19.5083     98.519  87.698719      0.527    9.18013    9.16424 2.0635e+03   998.3464  0.000e+00
      0.377    19.5036    19.5082     98.520  87.698719      0.536    9.18014    9.16426 3.1649e+02   998.3464  0.000e+00
      0.381    19.5039    19.5086     98.519  87.698719      0.543    9.18008    9.16419 3.3692e+02   998.3464  0.000e+00
      0.383    19.5036    19.5082     98.453  87.639270      0.544    9.18015    9.16426 4.6624e+02   998.3464  0.000e+00
      0.379    19.5037    19.5083     98.519  87.698719      0.539    9.18013    9.16424 8.5720e+02   998.3464  0.000e+00
      0.378    19.5037    19.5083     98.519  87.698719      0.538    9.18013    9.16424 8.2591e+02   998.3464  0.000e+00
      0.383    19.5039    19.5086     98.519  87.698719      0.544    9.18008    9.16419 2.2085e+02   998.3464  0.000e+00
      0.386    19.5043    19.5090     98.518  87.698719      0.549    9.18001    9.16413 2.8370e+02   998.3463  0.000e+00
      0.387    19.5041    19.5088     98.452  87.639270      0.550    9.18004    9.16416 2.9633e+02   998.3463  0.000e+00
      0.388    19.5040    19.5087     98.452  87.639270      0.552    9.18006    9.16418 4.8645e+02   998.3463  0.000e+00
      0.387    19.5045    19.5092     98.451  87.639269      0.550    9.17998    9.16409 4.1931e+02   998.3462  0.000e+00
      0.390    19.5046    19.5092     98.517  87.698719      0.555    9.17996    9.16407 1.0783e+03   998.3463  0.000e+00
      0.388    19.5042    19.5089     98.518  87.698719      0.552    9.18003    9.16414 1.9693e+02   998.3463  0.000e+00
      0.388    19.5041    19.5088     98.452  87.639270      0.552    9.18004    9.16416 2.5243e+02   998.3463  0.000e+00
      0.387    19.5045    19.5092     98.518  87.698719      0.550    9.17998    9.16409 3.3202e+02   998.3463  0.000e+00
      0.387    19.5041    19.5088     98.452  87.639270      0.550    9.18004    9.16416 2.5829e+02   998.3463  0.000e+00
      0.387    19.5034    19.5081     98.520  87.698719      0.550    9.18018    9.16429 4.7989e+02   998.3465  0.000e+00
      0.387    19.5032    19.5079     98.520  87.698719      0.550    9.18021    9.16433 2.4316e+02   998.3465  0.000e+00
      0.389    19.5032    19.5079     98.520  87.698719      0.553    9.18021    9.16433 4.6046e+02   998.3465  0.000e+00
      0.389    19.5032    19.5079     98.520  87.698719      0.553    9.18021    9.16433 3.2011e+02   998.3465  0.000e+00
      0.388    19.5030    19.5077     98.521  87.698719      0.552    9.18025    9.16436 3.9474e+02   998.3466  0.000e+00
      0.385    19.5028    19.5075     98.521  87.698719      0.547    9.18028    9.16440 6.9941e+02   998.3466  0.000e+00
      0.386    19.5029    19.5076     98.454  87.639270      0.549    9.18026    9.16438 2.8092e+02   998.3466  0.000e+00
      0.386    19.5028    19.5075     98.521  87.698719      0.549    9.18028    9.16440 6.9484e+02   998.3466  0.000e+00
      0.388    19.5030    19.5077     98.521  87.698719      0.552    9.18025    9.16436 2.8998e+02   998.3466  0.000e+00
      0.389    19.5034    19.5081     98.520  87.698719      0.553    9.18018    9.16429 2.9349e+02   998.3465  0.000e+00
      0.392    19.5043    19.5090     98.451  87.639270      0.558    9.18001    9.16413 9.3906e+02   998.3463  0.000e+00
      0.399    19.5047    19.5093     98.450  87.639269      0.567    9.17994    9.16406 7.7820e+02   998.3463  0.000e+00
      0.403    19.5048    19.5094     98.517  87.698719      0.573    9.17993    9.16404 8.7309e+02   998.3463  0.000e+00
      0.403    19.5049    19.5096     98.517  87.698719      0.573    9.17989    9.16401 1.9158e+02   998.3462  0.000e+00
      0.407    19.5055    19.5102     98.515  87.698719      0.580    9.17979    9.16391 3.5899e+02   998.3462  0.000e+00
      0.409    19.5059    19.5106     98.514  87.698719      0.581    9.17971    9.16382 2.4051e+02   998.3461  0.000e+00
      0.408    19.5060    19.5107     98.548  87.728443      0.580    9.17969    9.16380 4.0391e+02   998.3461  0.000e+00
      0.408    19.5057    19.5103     98.515  87.698719      0.580    9.17976    9.16387 3.0090e+02   998.3461  0.000e+00
      0.405    19.5059    19.5106     98.514  87.698719      0.577    9.17971    9.16382 4.7717e+02   998.3461  0.000e+00
      0.406    19.5062    19.5109     98.447  87.639269      0.578    9.17966    9.16377 2.5520e+02   998.3460  0.000e+00
