data/ctd_cnv_files/2024.01.12 Okaro 121.cnv
* Sea-Bird SBE19plus Data File:
* FileName = C:\Users\instrument\Desktop\Iola Rosa. CTD Cast. July.23\September 2023\15 January 2023 upload121.hex
* Software Version 1.59
* Temperature SN =  4268
* Conductivity SN =  4268
* System UpLoad Time = Jan 15 2024 13:57:00
* ds
* SeacatPlus V 1.6  SERIAL NO. 4268    15 Jan 2024  13:59:04
# nquan = 16
# nvalues = 632                                   
# units = specified
# name 0 = depFM: Depth [fresh water, m]
# name 1 = tv290C: Temperature [ITS-90, deg C]
# name 2 = tv268C: Temperature [IPTS-68, deg C]
# name 3 = specc: Specific Conductance [uS/cm]
# name 4 = c0uS/cm: Conductivity [uS/cm]
# name 5 = prdE: Pressure, Strain Gauge [psi]
# name 6 = sbeox0Mg/L: Oxygen, SBE 43 [mg/l]
# name 7 = sbeox0PS: Oxygen, SBE 43 [% saturation]
# name 8 = oxsolMg/L: Oxygen Saturation, Garcia & Gordon [mg/l]
# name 9 = oxsatMg/L: Oxygen Saturation, Weiss [mg/l]
# name 10 = par: PAR/Irradiance, Biospherical/Licor
# name 11 = flCM: Fluorescence, Chelsea Mini Chl Con [ug/l]
# name 12 = bat: Beam Attenuation, Chelsea/Seatech [1/m]
# name 13 = xmiss: Beam Transmission, Chelsea/Seatech [%]
# name 14 = density00: Density [density, kg/m^3]
# name 15 = flag:  0.000e+00
# span 0 =     -0.665,     15.547                 
# span 1 =     9.7074,    31.2117                 
# span 2 =     9.7097,    31.2192                 
# span 3 =     -2.674,    101.138                 
# span 4 =  -3.001336, 102.607700                 
# span 5 =     -0.946,     22.113                 
# span 6 =     0.0747,    10.1658                 
# span 7 =      0.658,    122.267                 
# span 8 =    7.40353,   11.36302                 
# span 9 =    7.38380,   11.35194                 
# span 10 = 2.8987e-01, 1.3839e+03                
# span 11 =    -0.3612,    67.3886                
# span 12 =     1.2533,    13.9875                
# span 13 =     3.0292,    73.1014                
# span 14 =   995.2738,   999.8372                
# span 15 = 0.0000e+00, 0.0000e+00                
# interval = seconds: 0.25
# start_time = Jan 12 2024 14:50:06 [Instrument's time stamp, header]
# bad_flag = -9.990e-29
*END*
     -0.661    31.1502    31.1577     -2.618  -2.940574     -0.940     7.0402     94.993    7.41128    7.39152 6.5656e+01     0.7157     1.3163    71.9584   995.2930  0.000e+00
     -0.663    31.1583    31.1657     -2.591  -2.910194     -0.943     7.0403     95.007    7.41027    7.39051 6.8264e+01    -0.1132     1.3554    71.2595   995.2905  0.000e+00
     -0.663    31.1598    31.1672     -2.591  -2.910194     -0.943     7.0399     95.004    7.41008    7.39032 7.9263e+01    -0.1195     1.3360    71.6045   995.2900  0.000e+00
     -0.664    31.1470    31.1545     -2.591  -2.910194     -0.944     7.0425     95.019    7.41169    7.39193 8.2430e+01     1.0061     1.2974    72.3004   995.2940  0.000e+00
     -0.665    31.1288    31.1362     -2.592  -2.910194     -0.946     7.0442     95.012    7.41399    7.39422 8.2923e+01     0.6097     1.2668    72.8542   995.2997  0.000e+00
     -0.663    31.1154    31.1228     -2.593  -2.910194     -0.943     7.0454     95.007    7.41568    7.39591 6.8436e+01     0.2281     1.2533    73.1014   995.3039  0.000e+00
     -0.665    31.1257    31.1332     -2.592  -2.910194     -0.946     7.0451     95.020    7.41438    7.39461 6.7100e+01    -0.1768     1.2537    73.0940   995.3007  0.000e+00
     -0.664    31.1415    31.1490     -2.591  -2.910194     -0.944     7.0425     95.010    7.41238    7.39262 6.8766e+01    -0.3612     1.2587    73.0022   995.2957  0.000e+00
     -0.663    31.1440    31.1515     -2.591  -2.910194     -0.943     7.0417     95.003    7.41206    7.39230 1.5408e+02    -0.3612     1.2640    72.9060   995.2949  0.000e+00
     -0.663    31.1230    31.1305     -2.592  -2.910194     -0.943     7.0440     95.000    7.41471    7.39494 8.2355e+01    -0.3612     1.2666    72.8586   995.3015  0.000e+00
     -0.664    31.1111    31.1186     -2.593  -2.910194     -0.944     7.0468     95.019    7.41622    7.39644 8.9068e+01    -0.3612     1.2657    72.8749   995.3052  0.000e+00
     -0.662    31.1071    31.1146     -2.593  -2.910194     -0.941     7.0491     95.044    7.41673    7.39695 8.9416e+01    -0.3612     1.2645    72.8971   995.3065  0.000e+00
     -0.665    31.1095    31.1170     -2.593  -2.910194     -0.946     7.0468     95.016    7.41642    7.39664 3.9352e+02    -0.3612     1.2624    72.9356   995.3057  0.000e+00
     -0.665    31.1186    31.1260     -2.674  -3.001336     -0.946     7.0456     95.014    7.41528    7.39550 4.4873e+02    -0.3337     1.2613    72.9548   995.3029  0.000e+00
     -0.663    31.1327    31.1401     -2.592  -2.910194     -0.943     7.0444     95.021    7.41350    7.39373 4.2365e+02    21.8023     1.2608    72.9637   995.2985  0.000e+00
     -0.665    31.1615    31.1690     -2.591  -2.910194     -0.946     7.0396     95.003    7.40986    7.39011 5.2355e+02    39.2533     1.2602    72.9756   995.2895  0.000e+00
     -0.663    31.1970    31.2045     -2.589  -2.910193     -0.943     7.0350     94.999    7.40538    7.38565 1.9912e+02    52.8843     1.2598    72.9830   995.2784  0.000e+00
     -0.662    31.2117    31.2192     -2.669  -3.001335     -0.941     7.0326     94.990    7.40353    7.38380 8.7491e+02    63.4837     1.2592    72.9933   995.2738  0.000e+00
     -0.663    31.1986    31.2061     -2.670  -3.001335     -0.943     7.0338     94.985    7.40518    7.38545 9.9493e+02    67.3886     1.2590    72.9963   995.2779  0.000e+00
     -0.664    31.1982    31.2057     -2.670  -3.001335     -0.944     7.0317     94.955    7.40522    7.38549 1.0937e+03    49.7956     1.2581    73.0141   995.2780  0.000e+00
     -0.590    31.1719    31.1794     42.622  47.890024     -0.840     7.0347     94.968    7.40740    7.38766 1.0352e+03    37.3348     1.4553    69.5005   995.3077  0.000e+00
     -0.475    30.0144    30.0216     77.013  84.747788     -0.675     7.1775     95.000    7.55526    7.53503 1.0822e+03    29.5442     8.3757    12.3201   995.6745  0.000e+00
     -0.408    28.3894    28.3963     90.848  97.018658     -0.580     7.3858     95.031    7.77201    7.75157 1.4534e+02    24.5942    11.6328     5.4574   996.1584  0.000e+00
     -0.341    27.3776    27.3842     94.877  99.400679     -0.485     7.5226     95.073    7.91251    7.89218 7.5246e+01     8.8709     7.3658    15.8588   996.4465  0.000e+00
     -0.261    26.7296    26.7360     95.741  99.064991     -0.371     7.6230     95.229    8.00487    7.98468 7.1252e+01     2.2272     5.6588    24.2999   996.6257  0.000e+00
     -0.205    26.2419    26.2482     95.937  98.332296     -0.291     7.7094     95.465    8.07563    8.05559 6.9272e+01    -0.3612     2.0613    59.7314   996.7578  0.000e+00
     -0.156    25.8845    25.8907     96.281  97.996529     -0.222     7.8047     96.020    8.12818    8.10827 6.5071e+01     2.6172     2.6598    51.4295   996.8533  0.000e+00
     -0.114    25.6494    25.6555     96.879  98.149277     -0.163     7.8892     96.645    8.16308    8.14326 4.6966e+01    10.8933     3.0235    46.9594   996.9156  0.000e+00
     -0.073    25.5025    25.5086     97.433  98.424139     -0.103     7.9653     97.316    8.18500    8.16525 6.1844e+01     6.4967     1.9636    61.2075   996.9545  0.000e+00
     -0.032    25.4274    25.4335     99.122  99.981517     -0.046     8.0338     98.019    8.19622    8.17650 6.7070e+01     8.2541     1.7193    65.0616   996.9748  0.000e+00
     -0.003    25.4026    25.4087     99.656 100.470131     -0.005     8.0946     98.715    8.19994    8.18024 4.7912e+01     5.0509     1.6742    65.8004   996.9815  0.000e+00
      0.023    25.4096    25.4157    100.611 101.447378      0.033     8.1451     99.344    8.19887    8.17916 5.1794e+01     2.9013     1.6534    66.1425   996.9802  0.000e+00
      0.032    25.5543    25.5604    101.138 102.271919      0.045     8.1581     99.767    8.17718    8.15741 4.5661e+01     4.4700     1.6644    65.9618   996.9426  0.000e+00
      0.029    25.7365    25.7427    100.474 101.966452      0.042     8.1554    100.066    8.15003    8.13018 4.7857e+01    -0.3612     1.6720    65.8360   996.8946  0.000e+00
      0.026    25.9018    25.9080     99.488 101.294517      0.037     8.1394    100.171    8.12556    8.10565 5.2800e+01     0.9234     1.6756    65.7768   996.8506  0.000e+00
      0.017    26.0175    26.0237     98.783 100.805854      0.025     8.1146    100.075    8.10851    8.08855 4.4179e+01     3.8934     1.6672    65.9145   996.8196  0.000e+00
      0.020    26.0141    26.0203     97.922  99.920252      0.028     8.1012     99.904    8.10902    8.08907 5.4684e+01    -0.3612     1.6621    65.9989   996.8202  0.000e+00
      0.032    25.8855    25.8917     97.510  99.248483      0.045     8.0947     99.590    8.12801    8.10811 4.2374e+01    -0.3612     1.6612    66.0137   996.8543  0.000e+00
      0.039    25.7815    25.7877     98.341  99.889790      0.056     8.0960     99.418    8.14340    8.12353 4.8121e+01    -0.3612     1.6729    65.8212   996.8821  0.000e+00
      0.037    25.7274    25.7336     98.777 100.225721      0.053     8.0877     99.218    8.15143    8.13158 4.4586e+01    -0.3612     1.6611    66.0166   996.8964  0.000e+00
      0.038    25.6732    25.6794     98.551  99.889825      0.054     8.0732     98.943    8.15949    8.13967 4.2676e+01    -0.3612     1.6542    66.1291   996.9106  0.000e+00
      0.047    25.6363    25.6425     98.050  99.309636      0.067     8.0405     98.475    8.16500    8.14519 4.5944e+01    -0.3612     1.6574    66.0773   996.9202  0.000e+00
      0.090    25.6041    25.6102     97.298  98.485178      0.128     7.6017     93.046    8.16982    8.15003 6.4626e+01    -0.3612     1.6625    65.9929   996.9286  0.000e+00
      0.147    25.5855    25.5917     97.273  98.424115      0.209     7.2923     89.229    8.17259    8.15280 8.4845e+01    -0.3612     1.6736    65.8093   996.9337  0.000e+00
      0.199    25.5318    25.5379     97.377  98.424132      0.283     7.3879     90.310    8.18062    8.16086 9.4082e+01     5.8819     1.6686    65.8922   996.9480  0.000e+00
      0.224    25.4661    25.4722     97.413  98.332548      0.319     7.6562     93.477    8.19045    8.17072 5.2595e+01    10.3252     1.6694    65.8789   996.9652  0.000e+00
      0.225    25.4149    25.4210     97.421  98.240960      0.320     7.8085     95.247    8.19814    8.17843 5.1309e+01     9.1465     1.6730    65.8197   996.9786  0.000e+00
      0.198    25.3677    25.3738     97.360  98.088301      0.281     7.8380     95.524    8.20523    8.18553 1.2036e+02     4.0100     1.6529    66.1514   996.9907  0.000e+00
      0.167    25.3258    25.3319     96.865  97.508164      0.237     7.7135     93.935    8.21155    8.19188 4.4098e+01     3.4376     1.6555    66.1084   997.0013  0.000e+00
      0.164    25.2833    25.2894     96.704  97.263908      0.233     7.6168     92.684    8.21795    8.19830 6.0526e+01     2.1085     1.6608    66.0211   997.0122  0.000e+00
      0.178    25.2690    25.2751     97.066  97.599783      0.253     7.6118     92.599    8.22010    8.20045 4.6816e+01     2.2823     1.7225    65.0098   997.0161  0.000e+00
      0.210    25.2790    25.2851     97.684  98.241003      0.298     7.6081     92.572    8.21858    8.19893 4.5182e+01     2.0894     1.6875    65.5813   997.0139  0.000e+00
      0.252    25.2958    25.3019     98.076  98.668491      0.358     7.6031     92.540    8.21604    8.19638 4.9975e+01     1.4237     1.6879    65.5754   997.0099  0.000e+00
      0.311    25.3086    25.3147     97.627  98.240994      0.442     7.5947     92.460    8.21412    8.19445 4.3836e+01     1.5615     1.6889    65.5591   997.0066  0.000e+00
      0.360    25.3100    25.3161     98.413  99.034917      0.512     7.5978     92.500    8.21389    8.19422 5.5734e+01     1.1821     1.6920    65.5073   997.0068  0.000e+00
      0.380    25.3200    25.3261     99.000  99.645646      0.541     7.6186     92.770    8.21237    8.19270 4.4780e+01     2.2611     1.7019    65.3459   997.0045  0.000e+00
      0.378    25.3436    25.3497     99.045  99.737249      0.537     7.6126     92.736    8.20882    8.18914 6.0902e+01     1.7184     1.6854    65.6169   996.9983  0.000e+00
      0.357    25.4602    25.4664     98.634  99.553989      0.508     7.5288     91.912    8.19131    8.17158 4.7813e+01     1.5149     1.6912    65.5206   996.9678  0.000e+00
      0.331    25.5478    25.5540     97.587  98.668411      0.470     7.4161     90.682    8.17822    8.15845 4.7171e+01     0.8620     1.6932    65.4880   996.9444  0.000e+00
      0.320    25.5296    25.5357     96.867  97.905043      0.455     7.3200     89.476    8.18096    8.16119 4.4831e+01     1.8965     1.6899    65.5428   996.9489  0.000e+00
      0.321    25.4596    25.4657     97.092  97.996669      0.456     7.2851     88.936    8.19144    8.17171 4.3337e+01     2.0300     1.6746    65.7930   996.9673  0.000e+00
      0.327    25.4038    25.4099     97.684  98.485245      0.466     7.2672     88.627    8.19980    8.18009 4.6261e+01     2.4159     1.6807    65.6938   996.9820  0.000e+00
      0.328    25.3837    25.3898     98.299  99.065429      0.467     7.2758     88.699    8.20281    8.18311 4.1093e+01     3.0857     1.6849    65.6243   996.9875  0.000e+00
      0.331    25.3769    25.3830     98.161  98.912752      0.470     7.3004     88.988    8.20383    8.18414 4.5369e+01     2.4434     1.6726    65.8271   996.9892  0.000e+00
      0.327    25.3591    25.3651     98.014  98.729543      0.466     7.3237     89.243    8.20652    8.18683 3.9064e+01     1.8795     1.6630    65.9840   996.9938  0.000e+00
      0.327    25.3289    25.3350     97.830  98.485269      0.466     7.3287     89.254    8.21106    8.19139 4.2549e+01     1.4365     1.6634    65.9781   997.0015  0.000e+00
      0.325    25.2952    25.3012     97.501  98.088325      0.462     7.3174     89.061    8.21615    8.19649 4.1159e+01     1.6039     1.6900    65.5399   997.0102  0.000e+00
      0.334    25.2730    25.2790     97.453  97.996728      0.475     7.2938     88.737    8.21950    8.19985 3.9951e+01     0.8683     1.6752    65.7842   997.0159  0.000e+00
      0.336    25.2650    25.2710     97.620  98.149404      0.478     7.2712     88.450    8.22070    8.20105 4.1140e+01     1.9664     1.6838    65.6420   997.0181  0.000e+00
      0.344    25.2712    25.2772     97.699  98.241007      0.489     7.2423     88.108    8.21976    8.20011 4.0291e+01     1.1312     1.6708    65.8567   997.0165  0.000e+00
      0.342    25.2904    25.2964     97.844  98.424211      0.486     7.1732     87.298    8.21686    8.19721 4.0144e+01     1.8901     1.6651    65.9500   997.0116  0.000e+00
      0.342    25.3128    25.3189     97.831  98.454739      0.486     7.0788     86.185    8.21349    8.19382 4.2676e+01     1.2012     1.6700    65.8686   997.0058  0.000e+00
      0.341    25.3156    25.3217     97.947  98.576879      0.484     6.9692     84.855    8.21306    8.19339 4.0328e+01     1.3856     1.6667    65.9233   997.0051  0.000e+00
      0.339    25.3068    25.3129     97.812  98.424205      0.483     6.8679     83.608    8.21438    8.19472 3.8469e+01     1.1291     1.6614    66.0107   997.0073  0.000e+00
      0.338    25.2987    25.3047     97.494  98.088324      0.481     6.7792     82.516    8.21562    8.19596 4.1824e+01     3.1875     1.6689    65.8878   997.0093  0.000e+00
      0.339    25.2855    25.2915     97.520  98.088328      0.483     6.7157     81.723    8.21761    8.19795 4.0208e+01     3.7917     1.6850    65.6228   997.0127  0.000e+00
      0.341    25.2728    25.2788     97.605  98.149402      0.484     6.6830     81.306    8.21952    8.19987 4.0765e+01     3.0031     1.6850    65.6228   997.0161  0.000e+00
      0.345    25.2626    25.2687     97.625  98.149405      0.491     6.6712     81.147    8.22105    8.20141 4.0024e+01     2.6914     1.6771    65.7516   997.0187  0.000e+00
      0.347    25.2546    25.2607     97.914  98.424222      0.494     6.6590     80.988    8.22225    8.20261 4.0541e+01     0.9616     1.6823    65.6672   997.0209  0.000e+00
      0.349    25.2536    25.2597     97.916  98.424223      0.497     6.6358     80.704    8.22241    8.20277 4.0458e+01     0.5970     1.6780    65.7368   997.0212  0.000e+00
      0.345    25.2564    25.2625     97.971  98.485292      0.491     6.5889     80.137    8.22198    8.20234 3.9969e+01     0.9213     1.6711    65.8508   997.0204  0.000e+00
      0.346    25.2516    25.2577     97.920  98.424223      0.492     6.5256     79.360    8.22271    8.20307 3.8057e+01     1.8265     1.6701    65.8671   997.0217  0.000e+00
      0.348    25.2403    25.2463     97.851  98.332622      0.495     6.4586     78.530    8.22443    8.20479 3.7909e+01     1.7672     1.6645    65.9604   997.0246  0.000e+00
      0.349    25.2264    25.2324     97.878  98.332626      0.497     6.3984     77.777    8.22653    8.20690 3.7494e+01     1.7502     1.6644    65.9618   997.0282  0.000e+00
      0.350    25.2115    25.2176     97.724  98.149421      0.498     6.3479     77.143    8.22877    8.20915 3.8628e+01     1.2499     1.6838    65.6420   997.0320  0.000e+00
      0.350    25.1995    25.2056     97.839  98.241030      0.498     6.3206     76.794    8.23058    8.21097 3.6586e+01     1.4259     1.7073    65.2571   997.0351  0.000e+00
      0.352    25.1893    25.1953     97.859  98.241033      0.500     6.3108     76.661    8.23213    8.21252 3.7874e+01     0.8620     1.6832    65.6524   997.0378  0.000e+00
      0.356    25.1777    25.1837     97.790  98.149432      0.506     6.3119     76.657    8.23389    8.21428 3.7917e+01     2.0406     1.6840    65.6391   997.0408  0.000e+00
      0.360    25.1644    25.1705     98.090  98.424251      0.513     6.3081     76.593    8.23588    8.21628 3.7623e+01     2.7932     1.6818    65.6746   997.0443  0.000e+00
      0.365    25.1670    25.1730     98.115  98.454786      0.519     6.2979     76.473    8.23550    8.21590 3.7589e+01     2.6088     1.6779    65.7397   997.0437  0.000e+00
