data/ctd_cnv_files/2024.03.21 Okaro 1 0001.cnv
* Sea-Bird SBE19plus  Data File:
* FileName = C:\Users\dcastle\Documents\CTD\SBE19plus_01908200_2024_03_27_0001.hex
* Software version 2.8.0.119
* Temperature SN = 8200
* Conductivity SN = 8200
* System UpLoad Time = Mar 27 2024 14:46:47
* <ApplicationData>
* <Seaterm232>
# nquan = 16
# nvalues = 791                                   
# units = specified
# name 0 = depFM: Depth [fresh water, m]
# name 1 = tv290C: Temperature [ITS-90, deg C]
# name 2 = tv268C: Temperature [IPTS-68, deg C]
# name 3 = specc: Specific Conductance [uS/cm]
# name 4 = c0uS/cm: Conductivity [uS/cm]
# name 5 = prdE: Pressure, Strain Gauge [psi]
# name 6 = sbeox0Mg/L: Oxygen, SBE 43 [mg/l]
# name 7 = sbeox0PS: Oxygen, SBE 43 [% saturation]
# name 8 = oxsolMg/L: Oxygen Saturation, Garcia & Gordon [mg/l]
# name 9 = oxsatMg/L: Oxygen Saturation, Weiss [mg/l]
# name 10 = par/sat/log: PAR/Logarithmic, Satlantic [umol photons/m^2/sec]
# name 11 = flCM: Fluorescence, Chelsea Mini Chl Con [ug/l]
# name 12 = CStarAt0: Beam Attenuation, WET Labs C-Star [1/m]
# name 13 = CStarTr0: Beam Transmission, WET Labs C-Star [%]
# name 14 = density00: Density [density, kg/m^3]
# name 15 = flag:  0.000e+00
# span 0 =     -0.510,     14.799                 
# span 1 =     9.9438,    17.7499                 
# span 2 =     9.9462,    17.7542                 
# span 3 =      0.457,    185.469                 
# span 4 =   0.349403, 129.658347                 
# span 5 =     -0.726,     21.049                 
# span 6 =    -0.8827,    10.2119                 
# span 7 =     -8.326,    104.694                 
# span 8 =    9.51308,   11.29757                 
# span 9 =    9.49850,   11.28650                 
# span 10 = 1.1263e-01, 2.3380e+03                
# span 11 =    -0.3612,    29.3449                
# span 12 =     1.3949,    13.3860                
# span 13 =     3.5208,    70.5592                
# span 14 =   998.6846,   999.8438                
# span 15 = 0.0000e+00, 0.0000e+00                
# interval = seconds: 0.25
# start_time = Mar 21 2024 09:13:32 [Instrument's time stamp, header]
# bad_flag = -9.990e-29
*END*
[from data line 362]
      0.668    17.7446    17.7488     98.716  84.400029      0.950     7.7156     81.096    9.51413    9.49954 3.1322e+01     2.7042     1.7198    65.0542   998.6848  0.000e+00
      0.666    17.7433    17.7475     98.441  84.162270      0.947     7.7120     81.056    9.51439    9.49980 3.1494e+01     2.6745     1.7261    64.9520   998.6849  0.000e+00
      0.661    17.7391    17.7433     98.520  84.221711      0.940     7.7008     80.932    9.51521    9.50063 3.1501e+01     2.7974     1.7303    64.8839   998.6857  0.000e+00
      0.658    17.7331    17.7374     98.986  84.608073      0.936     7.6989     80.902    9.51637    9.50179 3.1178e+01     2.8165     1.7479    64.5982   998.6869  0.000e+00
      0.659    17.7312    17.7355     98.817  84.459472      0.938     7.6943     80.850    9.51675    9.50217 3.1097e+01     2.8504     1.7515    64.5404   998.6872  0.000e+00
      0.656    17.7334    17.7376     98.742  84.400032      0.933     7.6889     80.797    9.51632    9.50175 3.0954e+01     2.7911     1.7480    64.5967   998.6868  0.000e+00
      0.655    17.7335    17.7378     98.811  84.459472      0.932     7.6900     80.809    9.51629    9.50171 3.1206e+01     2.7635     1.7168    65.1031   998.6868  0.000e+00
      0.650    17.7298    17.7340     98.750  84.400032      0.924     7.6880     80.782    9.51703    9.50246 3.1192e+01     2.7020     1.7264    64.9461   998.6874  0.000e+00
      0.651    17.7274    17.7317     98.617  84.281153      0.926     7.6882     80.780    9.51749    9.50292 3.1514e+01     2.7593     1.7249    64.9713   998.6878  0.000e+00
      0.652    17.7273    17.7315     98.374  84.073115      0.927     7.6943     80.843    9.51753    9.50296 3.0920e+01     2.7444     1.7266    64.9432   998.6877  0.000e+00
      0.655    17.7274    17.7317     98.686  84.340593      0.932     7.6930     80.830    9.51749    9.50292 3.1076e+01     2.7211     1.7172    65.0957   998.6878  0.000e+00
      0.661    17.7270    17.7313     98.479  84.162274      0.940     7.6974     80.875    9.51758    9.50301 3.1247e+01     2.6151     1.7158    65.1194   998.6879  0.000e+00
      0.661    17.7303    17.7345     98.541  84.221713      0.940     7.7056     80.967    9.51694    9.50236 3.1514e+01     2.7020     1.7104    65.2067   998.6873  0.000e+00
      0.659    17.7343    17.7386     98.879  84.518912      0.938     7.7003     80.918    9.51614    9.50156 3.1487e+01     2.6342     1.7278    64.9239   998.6867  0.000e+00
      0.658    17.7363    17.7406     98.596  84.281151      0.936     7.6967     80.884    9.51575    9.50117 3.1604e+01     2.5939     1.7381    64.7566   998.6862  0.000e+00
      0.656    17.7376    17.7419     98.802  84.459471      0.933     7.7014     80.936    9.51550    9.50091 3.1480e+01     2.5558     1.7231    65.0009   998.6860  0.000e+00
      0.654    17.7394    17.7437     98.798  84.459470      0.930     7.6992     80.915    9.51514    9.50056 3.1097e+01     2.5579     1.7139    65.1505   998.6857  0.000e+00
      0.657    17.7397    17.7439     98.345  84.073112      0.935     7.7003     80.927    9.51510    9.50052 3.1618e+01     2.6596     1.7254    64.9624   998.6855  0.000e+00
      0.658    17.7386    17.7429     98.452  84.162271      0.936     7.6932     80.851    9.51530    9.50072 3.1295e+01     2.6512     1.7235    64.9935   998.6857  0.000e+00
      0.658    17.7380    17.7423     98.592  84.281150      0.936     7.6930     80.848    9.51542    9.50084 3.1384e+01     2.7211     1.7251    64.9683   998.6859  0.000e+00
      0.658    17.7385    17.7428     98.591  84.281150      0.936     7.6953     80.873    9.51531    9.50073 3.1439e+01     2.8208     1.7310    64.8721   998.6858  0.000e+00
      0.657    17.7391    17.7433     98.659  84.340590      0.935     7.7019     80.943    9.51521    9.50063 3.1233e+01     2.8356     1.7285    64.9136   998.6857  0.000e+00
      0.656    17.7391    17.7434     98.520  84.221710      0.933     7.7005     80.929    9.51520    9.50062 3.1138e+01     2.8759     1.7293    64.9002   998.6856  0.000e+00
      0.656    17.7394    17.7437     98.520  84.221710      0.933     7.6944     80.865    9.51515    9.50057 3.0853e+01     2.7656     1.7320    64.8558   998.6856  0.000e+00
      0.656    17.7398    17.7440     98.797  84.459470      0.933     7.7003     80.927    9.51507    9.50049 3.1446e+01     2.7996     1.7232    64.9994   998.6856  0.000e+00
      0.656    17.7396    17.7438     98.380  84.102832      0.933     7.6973     80.895    9.51512    9.50054 3.1124e+01     2.7550     1.7358    64.7951   998.6855  0.000e+00
      0.658    17.7395    17.7438     98.728  84.400030      0.936     7.6957     80.878    9.51513    9.50054 3.1315e+01     2.7020     1.7115    65.1889   998.6857  0.000e+00
      0.656    17.7404    17.7447     98.587  84.281150      0.933     7.6964     80.887    9.51494    9.50036 3.1411e+01     2.6406     1.7155    65.1238   998.6854  0.000e+00
      0.656    17.7402    17.7444     98.657  84.340590      0.933     7.6923     80.844    9.51499    9.50041 3.1653e+01     2.6469     1.7010    65.3607   998.6855  0.000e+00
      0.656    17.7393    17.7436     98.798  84.459470      0.933     7.6934     80.854    9.51516    9.50058 3.1597e+01     2.6151     1.7131    65.1638   998.6857  0.000e+00
      0.655    17.7379    17.7422     98.453  84.162271      0.932     7.6923     80.840    9.51544    9.50086 3.1653e+01     2.5897     1.7236    64.9920   998.6858  0.000e+00
      0.657    17.7350    17.7393     98.808  84.459471      0.935     7.6978     80.893    9.51600    9.50142 3.1473e+01     2.6512     1.7185    65.0749   998.6865  0.000e+00
      0.656    17.7331    17.7374     98.882  84.518912      0.933     7.6937     80.847    9.51637    9.50179 3.1666e+01     2.5642     1.7205    65.0424   998.6869  0.000e+00
      0.658    17.7316    17.7358     98.607  84.281152      0.936     7.6995     80.906    9.51668    9.50211 3.1611e+01     2.4710     1.7043    65.3074   998.6871  0.000e+00
      0.656    17.7329    17.7372     98.882  84.518912      0.933     7.6955     80.866    9.51641    9.50183 3.1618e+01     2.5282     1.7098    65.2171   998.6869  0.000e+00
      0.656    17.7346    17.7388     98.809  84.459471      0.933     7.6944     80.856    9.51609    9.50151 3.1172e+01     2.5791     1.7310    64.8721   998.6866  0.000e+00
      0.656    17.7349    17.7392     98.669  84.340591      0.933     7.6983     80.898    9.51602    9.50144 3.1172e+01     2.5706     1.7042    65.3089   998.6865  0.000e+00
      0.656    17.7364    17.7406     98.387  84.102832      0.933     7.6961     80.878    9.51574    9.50116 3.1473e+01     2.5324     1.7151    65.1312   998.6861  0.000e+00
      0.657    17.7380    17.7423     98.592  84.281150      0.935     7.6901     80.817    9.51542    9.50084 3.1535e+01     2.6363     1.7371    64.7729   998.6859  0.000e+00
      0.659    17.7391    17.7434     98.590  84.281150      0.938     7.6911     80.829    9.51520    9.50061 3.1336e+01     2.5452     1.7124    65.1741   998.6857  0.000e+00
      0.656    17.7398    17.7440     98.727  84.400030      0.933     7.6963     80.885    9.51507    9.50049 3.1110e+01     2.5600     1.7168    65.1031   998.6856  0.000e+00
      0.658    17.7404    17.7446     98.344  84.073112      0.936     7.6966     80.890    9.51497    9.50038 3.1466e+01     2.5579     1.7237    64.9905   998.6854  0.000e+00
      0.656    17.7391    17.7433     98.972  84.608071      0.933     7.6965     80.887    9.51520    9.50062 3.0941e+01     2.5155     1.7219    65.0202   998.6858  0.000e+00
      0.655    17.7374    17.7417     98.524  84.221711      0.932     7.6998     80.918    9.51554    9.50096 3.1604e+01     2.4731     1.7241    64.9846   998.6859  0.000e+00
      0.657    17.7358    17.7400     98.458  84.162272      0.935     7.6983     80.900    9.51586    9.50128 3.1563e+01     2.4773     1.7115    65.1889   998.6862  0.000e+00
      0.658    17.7364    17.7406     98.666  84.340591      0.936     7.7033     80.954    9.51574    9.50116 3.1226e+01     2.5240     1.7144    65.1416   998.6862  0.000e+00
      0.659    17.7369    17.7412     98.351  84.073113      0.938     7.6980     80.898    9.51564    9.50106 3.1521e+01     2.5430     1.7245    64.9772   998.6860  0.000e+00
      0.661    17.7375    17.7418     98.872  84.518911      0.940     7.6884     80.799    9.51551    9.50093 3.1694e+01     2.4901     1.7441    64.6604   998.6861  0.000e+00
      0.658    17.7389    17.7431     98.590  84.281150      0.936     7.6860     80.776    9.51525    9.50067 3.1083e+01     2.4371     1.7295    64.8973   998.6857  0.000e+00
      0.656    17.7379    17.7421     98.801  84.459470      0.933     7.6873     80.787    9.51544    9.50086 3.1254e+01     2.4837     1.7301    64.8869   998.6860  0.000e+00
      0.656    17.7373    17.7416     98.594  84.281151      0.933     7.6768     80.676    9.51555    9.50097 3.1398e+01     2.4286     1.7119    65.1830   998.6860  0.000e+00
      0.656    17.7363    17.7406     98.596  84.281151      0.933     7.6783     80.690    9.51575    9.50117 3.1391e+01     2.5600     1.7102    65.2097   998.6862  0.000e+00
      0.658    17.7343    17.7386     98.392  84.102833      0.936     7.6828     80.735    9.51615    9.50157 3.1178e+01     2.5388     1.7103    65.2082   998.6865  0.000e+00
      0.656    17.7354    17.7396     98.737  84.400031      0.933     7.6916     80.829    9.51594    9.50136 3.1308e+01     2.5833     1.7176    65.0897   998.6864  0.000e+00
      0.657    17.7368    17.7411     98.804  84.459471      0.935     7.6913     80.827    9.51565    9.50107 3.1487e+01     2.5494     1.7124    65.1741   998.6862  0.000e+00
      0.655    17.7378    17.7420     98.662  84.340590      0.932     7.6892     80.807    9.51546    9.50088 3.1812e+01     2.5876     1.7532    64.5138   998.6859  0.000e+00
      0.656    17.7389    17.7431     98.660  84.340590      0.933     7.6889     80.806    9.51525    9.50066 3.1029e+01     2.5473     1.7155    65.1238   998.6857  0.000e+00
      0.656    17.7396    17.7438     98.728  84.400030      0.933     7.6856     80.773    9.51511    9.50053 3.1590e+01     2.5367     1.7112    65.1949   998.6856  0.000e+00
      0.654    17.7379    17.7422     98.592  84.281150      0.930     7.6851     80.764    9.51543    9.50085 3.2015e+01     2.4604     1.7105    65.2052   998.6859  0.000e+00
      0.653    17.7363    17.7406     98.909  84.548631      0.929     7.6902     80.816    9.51575    9.50117 3.1625e+01     2.5897     1.7225    65.0098   998.6863  0.000e+00
      0.652    17.7379    17.7421     98.593  84.281150      0.927     7.6876     80.791    9.51545    9.50087 3.1473e+01     2.5876     1.7346    64.8143   998.6859  0.000e+00
      0.654    17.7400    17.7443     98.796  84.459470      0.930     7.6890     80.809    9.51502    9.50044 3.1764e+01     2.5558     1.7161    65.1149   998.6856  0.000e+00
      0.654    17.7408    17.7450     98.586  84.281150      0.930     7.6919     80.841    9.51488    9.50029 3.1343e+01     2.6066     1.7061    65.2778   998.6854  0.000e+00
      0.653    17.7410    17.7452     98.655  84.340589      0.929     7.6983     80.908    9.51484    9.50026 3.1281e+01     2.6066     1.7157    65.1208   998.6853  0.000e+00
      0.653    17.7412    17.7455     98.654  84.340589      0.929     7.6926     80.849    9.51479    9.50021 3.1521e+01     2.6660     1.7363    64.7862   998.6853  0.000e+00
      0.655    17.7410    17.7452     98.342  84.073112      0.932     7.6899     80.820    9.51485    9.50027 3.1687e+01     2.7169     1.7132    65.1608   998.6852  0.000e+00
      0.655    17.7407    17.7450     98.725  84.400029      0.932     7.6972     80.897    9.51489    9.50031 3.1487e+01     2.6999     1.7069    65.2645   998.6854  0.000e+00
      0.657    17.7401    17.7444     98.796  84.459470      0.935     7.7029     80.956    9.51501    9.50042 3.1070e+01     2.6384     1.7187    65.0720   998.6856  0.000e+00
      0.657    17.7403    17.7445     98.448  84.162271      0.935     7.7021     80.947    9.51498    9.50040 3.1288e+01     2.5430     1.7107    65.2023   998.6854  0.000e+00
      0.654    17.7384    17.7426     98.522  84.221711      0.930     7.7011     80.933    9.51535    9.50077 3.1281e+01     2.5706     1.7078    65.2497   998.6858  0.000e+00
      0.643    17.7359    17.7401     98.458  84.162272      0.915     7.7092     81.015    9.51584    9.50126 3.1798e+01     2.6342     1.7017    65.3489   998.6862  0.000e+00
      0.639    17.7348    17.7390     98.739  84.400031      0.909     7.6945     80.858    9.51605    9.50148 3.1391e+01     2.6618     1.6963    65.4377   998.6864  0.000e+00
      0.645    17.7349    17.7392     98.460  84.162272      0.918     7.6991     80.907    9.51603    9.50145 3.1398e+01     2.6109     1.6977    65.4140   998.6863  0.000e+00
      0.657    17.7363    17.7406     98.388  84.102833      0.935     7.6891     80.804    9.51576    9.50118 3.0975e+01     2.5812     1.7092    65.2274   998.6861  0.000e+00
      0.671    17.7374    17.7417     98.594  84.281151      0.955     7.6843     80.756    9.51553    9.50095 3.0738e+01     2.6066     1.7124    65.1741   998.6860  0.000e+00
      0.683    17.7405    17.7448     98.447  84.162271      0.972     7.6862     80.780    9.51493    9.50035 3.0238e+01     2.5854     1.7033    65.3237   998.6855  0.000e+00
      0.690    17.7427    17.7469     98.512  84.221710      0.981     7.6848     80.769    9.51451    9.49992 3.0591e+01     2.4519     1.7128    65.1682   998.6851  0.000e+00
      0.694    17.7441    17.7484     98.787  84.459469      0.987     7.6852     80.776    9.51421    9.49963 3.1165e+01     2.5007     1.7225    65.0098   998.6850  0.000e+00
      0.684    17.7450    17.7493     98.646  84.340589      0.973     7.6952     80.883    9.51405    9.49946 3.1165e+01     2.5473     1.7290    64.9047   998.6847  0.000e+00
      0.675    17.7448    17.7491     98.507  84.221709      0.960     7.7000     80.933    9.51408    9.49950 3.1439e+01     2.6151     1.7069    65.2645   998.6847  0.000e+00
      0.675    17.7442    17.7485     98.439  84.162270      0.960     7.6948     80.877    9.51420    9.49962 3.1267e+01     2.5430     1.7094    65.2230   998.6848  0.000e+00
      0.679    17.7419    17.7462     98.722  84.400029      0.966     7.6944     80.869    9.51465    9.50007 3.0887e+01     2.5007     1.7024    65.3385   998.6853  0.000e+00
      0.684    17.7391    17.7434     98.868  84.518911      0.973     7.6877     80.794    9.51519    9.50061 3.1076e+01     2.6384     1.7160    65.1164   998.6859  0.000e+00
      0.688    17.7390    17.7432     98.381  84.102832      0.978     7.6885     80.802    9.51524    9.50065 3.0792e+01     2.5536     1.7123    65.1756   998.6858  0.000e+00
      0.691    17.7398    17.7440     98.588  84.281150      0.983     7.6793     80.707    9.51508    9.50050 3.1466e+01     2.5918     1.7285    64.9136   998.6857  0.000e+00
      0.689    17.7402    17.7444     98.796  84.459470      0.980     7.6762     80.675    9.51499    9.50041 3.1192e+01     2.5155     1.6955    65.4510   998.6857  0.000e+00
      0.682    17.7400    17.7443     98.796  84.459470      0.970     7.6749     80.661    9.51502    9.50044 3.1535e+01     2.3141     1.7074    65.2556   998.6857  0.000e+00
      0.683    17.7398    17.7440     98.519  84.221711      0.972     7.6772     80.684    9.51508    9.50050 3.1459e+01     2.2950     1.7097    65.2186   998.6857  0.000e+00
      0.695    17.7401    17.7444     98.518  84.221711      0.989     7.6814     80.729    9.51501    9.50043 3.0738e+01     2.2526     1.7101    65.2126   998.6856  0.000e+00
