data/ctd_cnv_files/2024.03.21 Okaro 2 0002.cnv
* Sea-Bird SBE19plus  Data File:
* FileName = C:\Users\dcastle\Documents\CTD\SBE19plus_01908200_2024_03_27_0002.hex
* Software version 2.8.0.119
* Temperature SN = 8200
* Conductivity SN = 8200
* System UpLoad Time = Mar 27 2024 14:47:05
* <ApplicationData>
* <Seaterm232>
# nquan = 16
# nvalues = 410                                   
# units = specified
# name 0 = depFM: Depth [fresh water, m]
# name 1 = tv290C: Temperature [ITS-90, deg C]
# name 2 = tv268C: Temperature [IPTS-68, deg C]
# name 3 = specc: Specific Conductance [uS/cm]
# name 4 = c0uS/cm: Conductivity [uS/cm]
# name 5 = prdE: Pressure, Strain Gauge [psi]
# name 6 = sbeox0Mg/L: Oxygen, SBE 43 [mg/l]
# name 7 = sbeox0PS: Oxygen, SBE 43 [% saturation]
# name 8 = oxsolMg/L: Oxygen Saturation, Garcia & Gordon [mg/l]
# name 9 = oxsatMg/L: Oxygen Saturation, Weiss [mg/l]
# name 10 = par/sat/log: PAR/Logarithmic, Satlantic [umol photons/m^2/sec]
# name 11 = flCM: Fluorescence, Chelsea Mini Chl Con [ug/l]
# name 12 = CStarAt0: Beam Attenuation, WET Labs C-Star [1/m]
# name 13 = CStarTr0: Beam Transmission, WET Labs C-Star [%]
# name 14 = density00: Density [density, kg/m^3]
# name 15 = flag:  0.000e+00
# span 0 =     -0.517,     16.072                 
# span 1 =     9.9154,    18.3992                 
# span 2 =     9.9177,    18.4037                 
# span 3 =      0.443,    223.825                 
# span 4 =   0.378993, 156.335725                 
# span 5 =     -0.736,     22.860                 
# span 6 =    -0.7599,     9.9148                 
# span 7 =     -6.903,    105.230                 
# span 8 =    9.38729,   11.30669                 
# span 9 =    9.37223,   11.29561                 
# span 10 = 1.1258e-01, 4.6527e+03                
# span 11 =    -0.3612,    36.3321                
# span 12 =     1.6611,    55.2620                
# span 13 =    -1.1062,    66.0166                
# span 14 =   998.5629,   999.8666                
# span 15 = 0.0000e+00, 0.0000e+00                
# interval = seconds: 0.25
# start_time = Mar 21 2024 12:45:14 [Instrument's time stamp, header]
# bad_flag = -9.990e-29
*END*
[from data line 362]
     14.209     9.9482     9.9506    108.630  75.933618     20.210     0.1239      1.096   11.29822   11.28715 1.1287e-01     3.6030    55.2620    -1.1062   999.8133  0.000e+00
     14.258     9.9476     9.9500    108.844  76.082160     20.280     0.1205      1.067   11.29838   11.28730 1.1258e-01     3.6666    55.2620    -1.1062   999.8137  0.000e+00
     14.315     9.9469     9.9493    108.719  75.993035     20.360     0.1051      0.930   11.29856   11.28748 1.1272e-01     3.6369    55.2620    -1.1062   999.8140  0.000e+00
     14.388     9.9452     9.9476    108.809  76.052453     20.465     0.1078      0.954   11.29900   11.28792 1.1282e-01     3.6836    55.2620    -1.1062   999.8145  0.000e+00
     14.444     9.9444     9.9468    108.472  75.814787     20.544     0.1075      0.952   11.29924   11.28816 1.1290e-01     3.7599    55.2620    -1.1062   999.8147  0.000e+00
     14.469     9.9439     9.9463    108.558  75.874204     20.580     0.1012      0.896   11.29936   11.28829 1.1270e-01     3.6772    55.2620    -1.1062   999.8149  0.000e+00
     14.476     9.9441     9.9465    108.728  75.993037     20.590     0.1179      1.043   11.29930   11.28823 1.1302e-01     3.7048    55.2620    -1.1062   999.8150  0.000e+00
     14.479     9.9464     9.9488    108.720  75.993037     20.593     0.1119      0.990   11.29868   11.28760 1.1272e-01     3.6348    55.2620    -1.1062   999.8148  0.000e+00
     14.479     9.9492     9.9516    108.712  75.993036     20.593     0.1140      1.009   11.29795   11.28688 1.1277e-01     3.7196    55.2620    -1.1062   999.8145  0.000e+00
     14.468     9.9535     9.9559    108.826  76.082160     20.578     0.1146      1.015   11.29679   11.28572 1.1272e-01     3.6348    55.2620    -1.1062   999.8141  0.000e+00
     14.469     9.9562     9.9586    108.775  76.052451     20.580     0.1275      1.129   11.29608   11.28501 1.1277e-01     3.5585    55.2620    -1.1062   999.8139  0.000e+00
     14.485     9.9586     9.9610    108.768  76.052451     20.603     0.1188      1.052   11.29544   11.28437 1.1300e-01     3.5373    55.2620    -1.1062   999.8138  0.000e+00
     14.516     9.9601     9.9624    108.678  75.993034     20.646     0.1188      1.052   11.29506   11.28398 1.1282e-01     3.5055     3.1811    45.1457   999.8137  0.000e+00
     14.544     9.9580     9.9604    108.430  75.814785     20.686     0.1108      0.981   11.29561   11.28454 1.1282e-01     3.5521    55.2620    -1.1062   999.8140  0.000e+00
     14.582     9.9528     9.9552    108.361  75.755370     20.740     0.1145      1.014   11.29700   11.28593 1.1277e-01     3.6327     3.1941    44.9991   999.8146  0.000e+00
     14.622     9.9469     9.9493    108.379  75.755372     20.797     0.1128      0.999   11.29857   11.28749 1.1270e-01     3.6242     3.1659    45.3174   999.8153  0.000e+00
     14.670     9.9428     9.9452    108.477  75.814789     20.865     0.1151      1.019   11.29965   11.28857 1.1270e-01     3.6496    55.2620    -1.1062   999.8159  0.000e+00
     14.718     9.9411     9.9435    108.397  75.755374     20.933     0.1057      0.935   11.30012   11.28904 1.1267e-01     3.6666     3.1569    45.4196   999.8162  0.000e+00
     14.764     9.9406     9.9430    108.484  75.814790     21.000     0.1018      0.901   11.30026   11.28918 1.1272e-01     3.5606     3.1681    45.2923   999.8165  0.000e+00
     14.800     9.9398     9.9422    108.401  75.755375     21.051     0.1161      1.028   11.30045   11.28938 1.1282e-01     3.4504     3.1700    45.2715   999.8167  0.000e+00
     14.843     9.9386     9.9410    108.405  75.755375     21.111     0.1104      0.977   11.30079   11.28971 1.1272e-01     3.5097     3.1670    45.3056   999.8170  0.000e+00
     14.899     9.9376     9.9400    108.578  75.874209     21.191     0.1218      1.078   11.30105   11.28998 1.1277e-01     3.7408     3.1887    45.0598   999.8175  0.000e+00
     14.945     9.9366     9.9390    108.581  75.874209     21.256     0.1114      0.986   11.30132   11.29024 1.1295e-01     4.0185     3.1681    45.2923   999.8178  0.000e+00
     14.977     9.9352     9.9376    108.585  75.874210     21.303     0.1025      0.907   11.30167   11.29060 1.1275e-01     3.8955     3.1845    45.1072   999.8180  0.000e+00
     15.013     9.9338     9.9362    108.675  75.933627     21.354     0.1023      0.905   11.30205   11.29097 1.1300e-01     3.8298     3.1629    45.3515   999.8184  0.000e+00
     15.071     9.9322     9.9345    108.892  76.082170     21.436     0.0998      0.883   11.30248   11.29141 1.1290e-01     3.6942     3.1970    44.9665   999.8189  0.000e+00
     15.127     9.9306     9.9329    108.897  76.082171     21.516     0.1004      0.888   11.30291   11.29183 1.1290e-01     3.7620     3.1647    45.3308   999.8193  0.000e+00
     15.160     9.9286     9.9310    109.074  76.201006     21.562     0.0960      0.849   11.30342   11.29234 1.1263e-01     3.8934     3.1438    45.5691   999.8196  0.000e+00
     15.180     9.9268     9.9291    109.079  76.201007     21.592     0.0983      0.870   11.30392   11.29284 1.1282e-01     3.8213    55.2620    -1.1062   999.8199  0.000e+00
     15.222     9.9256     9.9279    109.168  76.260425     21.650     0.1003      0.887   11.30424   11.29316 1.1277e-01     3.5988     3.1279    45.7498   999.8202  0.000e+00
     15.285     9.9250     9.9273    109.255  76.319843     21.740     0.1075      0.951   11.30439   11.29332 1.1287e-01     3.5436     3.1464    45.5395   999.8206  0.000e+00
     15.312     9.9247     9.9271    109.171  76.260426     21.779     0.1072      0.949   11.30447   11.29339 1.1275e-01     3.4673    55.2620    -1.1062   999.8207  0.000e+00
     15.326     9.9238     9.9262    109.259  76.319844     21.799     0.1100      0.973   11.30469   11.29362 1.1265e-01     3.3465     3.1382    45.6328   999.8209  0.000e+00
     15.349     9.9237     9.9261    109.174  76.260426     21.831     0.1045      0.924   11.30473   11.29366 1.1295e-01     3.4270     3.1425    45.5839   999.8210  0.000e+00
     15.388     9.9240     9.9264    109.258  76.319844     21.887     0.1073      0.949   11.30464   11.29356 1.1280e-01     3.3592    55.2620    -1.1062   999.8212  0.000e+00
     15.453     9.9234     9.9257    109.345  76.379263     21.980     0.1006      0.890   11.30482   11.29374 1.1280e-01     3.3804     3.1500    45.4981   999.8216  0.000e+00
     15.530     9.9223     9.9247    109.434  76.438682     22.089     0.1032      0.913   11.30510   11.29402 1.1280e-01     3.3783    55.2620    -1.1062   999.8221  0.000e+00
     15.613     9.9206     9.9230    109.822  76.706066     22.207     0.0965      0.854   11.30553   11.29445 1.1292e-01     3.4525    55.2620    -1.1062   999.8227  0.000e+00
     15.688     9.9192     9.9215    109.741  76.646648     22.313     0.0961      0.850   11.30592   11.29485 1.1290e-01     3.5097    55.2620    -1.1062   999.8232  0.000e+00
     15.750     9.9186     9.9210    109.913  76.765487     22.401     0.1028      0.909   11.30606   11.29498 1.1282e-01     3.6115     3.0808    46.2917   999.8236  0.000e+00
     15.804     9.9180     9.9203    109.745  76.646649     22.479     0.1012      0.895   11.30624   11.29517 1.1272e-01     3.5754     3.0866    46.2251   999.8238  0.000e+00
     15.856     9.9172     9.9195    109.918  76.765488     22.553     0.1029      0.910   11.30645   11.29538 1.1280e-01     3.5055     3.0893    46.1940   999.8242  0.000e+00
     15.907     9.9165     9.9189    110.473  77.151717     22.625     0.1029      0.910   11.30661   11.29554 1.1267e-01     3.6072    55.2620    -1.1062   999.8247  0.000e+00
     15.955     9.9160     9.9183    112.559  78.607567     22.693     0.0995      0.880   11.30669   11.29561 1.1290e-01     3.5012    55.2620    -1.1062   999.8257  0.000e+00
     16.008     9.9154     9.9177    126.775  88.533917     22.769     0.0960      0.849   11.30638   11.29530 1.1285e-01     3.3974    55.2620    -1.1062   999.8312  0.000e+00
     16.051     9.9154     9.9178    185.364 129.449866     22.829     0.1001      0.885   11.30440   11.29334 1.1282e-01     3.3825    55.2620    -1.1062   999.8528  0.000e+00
     16.068     9.9172     9.9195    215.140 150.251991     22.854     0.0926      0.819   11.30293   11.29187 1.1297e-01     3.3783    55.2620    -1.1062   999.8637  0.000e+00
     16.072     9.9212     9.9236    223.825 156.335725     22.860     0.0930      0.823   11.30155   11.29049 1.1282e-01     3.2405    55.2620    -1.1062   999.8666  0.000e+00
