data/ctd_cnv_files/2024.01.25 Okaro 1 122.cnv
* Sea-Bird SBE19plus Data File:
* FileName = C:\Users\instrument\Desktop\Iola Rosa. CTD Cast. July.23\Jsanuary 2024\Iola Rosa Jan122.24.hex
* Software Version 1.59
* Temperature SN =  4268
* Conductivity SN =  4268
* System UpLoad Time = Feb 01 2024 08:52:26
* ds
* SeacatPlus V 1.6  SERIAL NO. 4268    01 Feb 2024  08:53:08
# nquan = 16
# nvalues = 1022                                  
# units = specified
# name 0 = depFM: Depth [fresh water, m]
# name 1 = tv290C: Temperature [ITS-90, deg C]
# name 2 = tv268C: Temperature [IPTS-68, deg C]
# name 3 = specc: Specific Conductance [uS/cm]
# name 4 = c0uS/cm: Conductivity [uS/cm]
# name 5 = prdE: Pressure, Strain Gauge [psi]
# name 6 = sbeox0Mg/L: Oxygen, SBE 43 [mg/l]
# name 7 = sbeox0PS: Oxygen, SBE 43 [% saturation]
# name 8 = oxsolMg/L: Oxygen Saturation, Garcia & Gordon [mg/l]
# name 9 = oxsatMg/L: Oxygen Saturation, Weiss [mg/l]
# name 10 = par: PAR/Irradiance, Biospherical/Licor
# name 11 = flCM: Fluorescence, Chelsea Mini Chl Con [ug/l]
# name 12 = bat: Beam Attenuation, Chelsea/Seatech [1/m]
# name 13 = xmiss: Beam Transmission, Chelsea/Seatech [%]
# name 14 = density00: Density [density, kg/m^3]
# name 15 = flag:  0.000e+00
# span 0 =     -0.767,     15.942                 
# span 1 =     9.7537,    23.6095                 
# span 2 =     9.7560,    23.6151                 
# span 3 =     -2.321,    241.885                 
# span 4 =  -2.120353, 168.265322                 
# span 5 =     -1.091,     22.675                 
# span 6 =    -1.2884,     8.7112                 
# span 7 =    -12.202,    102.369                 
# span 8 =    8.47743,   11.35012                 
# span 9 =    8.45867,   11.33905                 
# span 10 = 1.1259e-01, 8.6812e+01                
# span 11 =    -0.3612,    41.0065                
# span 12 =     1.2987,     9.9321                
# span 13 =     8.3491,    72.2767                
# span 14 =   997.4084,   999.8853                
# span 15 = 0.0000e+00, 0.0000e+00                
# interval = seconds: 0.25
# start_time = Jan 25 2024 09:29:34 [Instrument's time stamp, header]
# bad_flag = -9.990e-29
*END*
[from data line 724]
      1.119    23.6072    23.6129     96.146  93.478638      1.591     8.0216     94.618    8.47778    8.45902 2.1893e+01     8.1502     2.0674    59.6396   997.4369  0.000e+00
      1.191    23.6058    23.6115     96.055  93.387055      1.694     8.0247     94.653    8.47801    8.45925 2.0570e+01     8.1989     2.0742    59.5389   997.4376  0.000e+00
      1.258    23.6036    23.6093     96.059  93.387057      1.790     8.0301     94.713    8.47837    8.45961 2.0081e+01     8.1163     2.0727    59.5611   997.4384  0.000e+00
      1.312    23.6020    23.6077     96.062  93.387058      1.866     8.0301     94.709    8.47862    8.45986 1.9766e+01     8.0929     2.0641    59.6884   997.4390  0.000e+00
      1.369    23.6012    23.6069     96.064  93.387058      1.947     8.0322     94.734    8.47875    8.45999 1.8747e+01     8.0421     2.0847    59.3819   997.4395  0.000e+00
      1.422    23.6013    23.6069     96.063  93.387059      2.022     8.0341     94.755    8.47874    8.45998 1.8576e+01     8.0548     2.0782    59.4782   997.4397  0.000e+00
      1.480    23.6019    23.6076     96.156  93.478642      2.105     8.0320     94.732    8.47863    8.45988 1.7875e+01     8.1523     2.0834    59.4012   997.4398  0.000e+00
      1.526    23.6019    23.6076     96.156  93.478643      2.171     8.0351     94.768    8.47863    8.45988 1.7887e+01     8.2668     2.0837    59.3967   997.4400  0.000e+00
      1.568    23.6020    23.6077     96.219  93.539699      2.230     8.0329     94.743    8.47862    8.45986 1.7247e+01     8.3113     2.1028    59.1139   997.4402  0.000e+00
      1.606    23.6019    23.6076     96.156  93.478644      2.285     8.0256     94.657    8.47863    8.45988 1.7211e+01     8.4766     2.0965    59.2072   997.4404  0.000e+00
      1.648    23.6015    23.6071     96.157  93.478644      2.344     8.0121     94.497    8.47870    8.45995 1.6497e+01     8.4788     2.1080    59.0369   997.4407  0.000e+00
      1.710    23.6007    23.6064     96.159  93.478645      2.432     7.9949     94.292    8.47882    8.46006 1.6112e+01     8.4639     2.1141    58.9481   997.4411  0.000e+00
      1.775    23.6007    23.6064     96.159  93.478645      2.524     7.9733     94.038    8.47882    8.46006 1.5511e+01     8.5508     2.1058    59.0695   997.4414  0.000e+00
      1.827    23.6011    23.6068     96.158  93.478646      2.599     7.9560     93.834    8.47876    8.46000 1.5422e+01     8.5657     2.0972    59.1968   997.4416  0.000e+00
      1.891    23.6012    23.6069     96.064  93.387063      2.690     7.9417     93.666    8.47875    8.45999 1.4748e+01     8.6017     2.0882    59.3301   997.4418  0.000e+00
      1.950    23.6011    23.6068     96.158  93.478647      2.774     7.9387     93.630    8.47876    8.46000 1.4107e+01     8.6208     2.0974    59.1939   997.4421  0.000e+00
      2.018    23.5999    23.6055     96.066  93.387064      2.871     7.9457     93.711    8.47896    8.46020 1.3750e+01     8.7098     2.0971    59.1983   997.4427  0.000e+00
      2.099    23.5999    23.6055     96.098  93.417593      2.985     7.9550     93.820    8.47896    8.46020 1.3304e+01     8.7119     2.0768    59.5004   997.4430  0.000e+00
      2.172    23.6010    23.6067     96.158  93.478649      3.090     7.9683     93.980    8.47878    8.46002 1.3170e+01     8.5084     2.0718    59.5744   997.4431  0.000e+00
      2.224    23.6017    23.6074     96.157  93.478649      3.163     7.9746     94.055    8.47866    8.45990 1.2804e+01     8.5848     2.0770    59.4959   997.4432  0.000e+00
      2.285    23.6017    23.6074     96.157  93.478650      3.251     7.9819     94.141    8.47866    8.45990 1.2346e+01     8.6865     2.0649    59.6766   997.4434  0.000e+00
      2.352    23.6018    23.6075     96.157  93.478650      3.346     7.9946     94.291    8.47865    8.45989 1.2022e+01     8.7586     2.0635    59.6973   997.4437  0.000e+00
      2.411    23.6013    23.6069     96.064  93.387067      3.429     8.0081     94.450    8.47874    8.45998 1.1793e+01     8.7268     2.0780    59.4811   997.4441  0.000e+00
      2.451    23.6010    23.6067     96.158  93.478651      3.487     8.0210     94.601    8.47878    8.46002 1.1494e+01     8.8540     2.0765    59.5048   997.4444  0.000e+00
      2.503    23.6006    23.6062     96.065  93.387068      3.560     8.0288     94.692    8.47885    8.46009 1.1327e+01     8.9006     2.0925    59.2664   997.4447  0.000e+00
      2.559    23.6007    23.6064     96.159  93.478652      3.640     8.0410     94.836    8.47882    8.46006 1.0839e+01     8.9769     2.0774    59.4900   997.4449  0.000e+00
      2.602    23.6003    23.6060     96.160  93.478653      3.701     8.0526     94.972    8.47889    8.46013 1.0862e+01     9.0766     2.0886    59.3242   997.4452  0.000e+00
      2.637    23.5999    23.6056     96.160  93.478653      3.751     8.0543     94.992    8.47895    8.46019 1.0635e+01     9.1508     2.0842    59.3893   997.4454  0.000e+00
      2.695    23.6001    23.6058     96.160  93.478654      3.834     8.0508     94.950    8.47892    8.46016 1.0255e+01     9.0914     2.1109    58.9940   997.4457  0.000e+00
      2.756    23.6008    23.6065     96.221  93.539710      3.920     8.0403     94.828    8.47880    8.46004 9.9537e+00     9.1126     2.1072    59.0488   997.4458  0.000e+00
      2.807    23.6015    23.6071     96.157  93.478654      3.993     8.0226     94.620    8.47870    8.45995 1.0075e+01     9.0617     2.1018    59.1287   997.4458  0.000e+00
      2.846    23.6018    23.6075     96.062  93.387071      4.048     7.9989     94.342    8.47865    8.45989 9.7215e+00     8.9049     2.0929    59.2605   997.4459  0.000e+00
      2.882    23.6020    23.6077     96.062  93.387071      4.099     7.9738     94.046    8.47862    8.45986 9.5778e+00     9.1338     2.0934    59.2531   997.4460  0.000e+00
      2.905    23.6023    23.6079     96.156  93.478655      4.132     7.9683     93.981    8.47858    8.45982 9.6372e+00     9.2080     2.0939    59.2457   997.4461  0.000e+00
      2.915    23.6027    23.6084     96.218  93.539711      4.146     7.9649     93.942    8.47851    8.45975 9.5405e+00     9.3882     2.0744    59.5359   997.4460  0.000e+00
      2.930    23.6032    23.6089     96.154  93.478655      4.168     7.9734     94.044    8.47842    8.45966 9.5013e+00     9.4136     2.0605    59.7432   997.4459  0.000e+00
      2.961    23.6027    23.6084     96.155  93.478655      4.212     7.9912     94.252    8.47851    8.45975 9.0736e+00     9.4242     2.0675    59.6381   997.4462  0.000e+00
      2.992    23.6025    23.6082     96.218  93.539711      4.256     8.0131     94.511    8.47853    8.45977 9.1866e+00     9.2292     2.0752    59.5241   997.4464  0.000e+00
      3.003    23.6023    23.6080     96.218  93.539711      4.271     8.0368     94.789    8.47856    8.45980 9.1740e+00     9.2101     2.0643    59.6855   997.4465  0.000e+00
      3.017    23.6016    23.6073     96.220  93.539712      4.291     8.0546     94.999    8.47868    8.45992 9.2669e+00     9.1508     2.0681    59.6292   997.4467  0.000e+00
      3.029    23.6013    23.6069     96.221  93.539712      4.309     8.0573     95.029    8.47873    8.45997 8.9559e+00     9.2525     2.0616    59.7269   997.4469  0.000e+00
      3.047    23.6015    23.6072     96.157  93.478656      4.334     8.0523     94.971    8.47869    8.45993 8.8033e+00     9.1932     2.0621    59.7180   997.4469  0.000e+00
      3.067    23.6015    23.6072     96.063  93.387073      4.362     8.0390     94.814    8.47869    8.45993 8.9190e+00     9.2122     2.0657    59.6647   997.4469  0.000e+00
      3.077    23.6017    23.6074     96.157  93.478656      4.376     8.0168     94.552    8.47866    8.45990 8.9518e+00     9.3204     2.0723    59.5670   997.4470  0.000e+00
      3.075    23.6018    23.6075     96.157  93.478656      4.374     7.9979     94.330    8.47865    8.45989 8.8255e+00     9.2992     2.0596    59.7565   997.4469  0.000e+00
      3.075    23.6016    23.6073     96.157  93.478656      4.374     7.9856     94.185    8.47868    8.45992 8.9477e+00     9.3182     2.0551    59.8232   997.4470  0.000e+00
      3.072    23.6014    23.6070     96.158  93.478657      4.370     7.9913     94.252    8.47872    8.45996 8.9047e+00     9.3585     2.0543    59.8350   997.4470  0.000e+00
      3.073    23.6014    23.6070     96.158  93.478657      4.371     7.9975     94.325    8.47872    8.45996 8.7892e+00     9.3585     2.0763    59.5078   997.4470  0.000e+00
      3.077    23.6014    23.6070     95.969  93.295490      4.376     8.0001     94.355    8.47872    8.45996 8.6692e+00     9.3161     2.0782    59.4782   997.4470  0.000e+00
      3.073    23.6015    23.6071     96.157  93.478657      4.371     7.9938     94.281    8.47870    8.45995 8.9313e+00     9.3564     2.0642    59.6869   997.4470  0.000e+00
      3.071    23.6014    23.6070     96.158  93.478657      4.368     7.9913     94.251    8.47872    8.45996 8.7650e+00     9.3543     2.0554    59.8187   997.4470  0.000e+00
      3.072    23.6011    23.6068     96.158  93.478657      4.370     7.9844     94.169    8.47876    8.46000 8.8194e+00     9.4878     2.0588    59.7684   997.4471  0.000e+00
      3.075    23.6005    23.6061     96.159  93.478657      4.374     7.9790     94.104    8.47886    8.46010 8.8884e+00     9.6638     2.0653    59.6706   997.4473  0.000e+00
      3.081    23.6002    23.6059     96.160  93.478657      4.382     7.9767     94.077    8.47890    8.46015 8.8843e+00     9.6511     2.0489    59.9164   997.4473  0.000e+00
      3.082    23.5999    23.6055     96.161  93.478657      4.384     7.9784     94.097    8.47896    8.46020 8.8823e+00     9.6299     2.0681    59.6292   997.4474  0.000e+00
      3.090    23.5995    23.6052     96.067  93.387074      4.395     7.9837     94.158    8.47902    8.46026 8.8154e+00     9.6786     2.0633    59.7003   997.4475  0.000e+00
      3.094    23.5992    23.6049     96.162  93.478657      4.401     7.9970     94.314    8.47906    8.46030 8.7731e+00     9.8101     2.0629    59.7062   997.4476  0.000e+00
      3.096    23.5992    23.6049     96.162  93.478657      4.404     8.0056     94.416    8.47906    8.46030 8.7430e+00     9.7019     2.0695    59.6085   997.4477  0.000e+00
      3.114    23.5993    23.6050     96.067  93.387074      4.429     8.0119     94.491    8.47905    8.46029 8.5351e+00     9.7677     2.0541    59.8380   997.4477  0.000e+00
      3.169    23.5995    23.6052     96.161  93.478658      4.507     8.0098     94.466    8.47902    8.46026 8.5175e+00     9.6935     2.0505    59.8927   997.4479  0.000e+00
      3.217    23.5996    23.6053     96.161  93.478658      4.576     8.0152     94.530    8.47900    8.46025 8.2695e+00     9.5875     2.0714    59.5803   997.4481  0.000e+00
      3.239    23.5992    23.6049     96.225  93.539714      4.607     8.0231     94.622    8.47906    8.46030 8.0766e+00     9.5769     2.0731    59.5552   997.4483  0.000e+00
      3.270    23.5994    23.6051     95.973  93.295493      4.651     8.0206     94.593    8.47904    8.46028 8.0692e+00     9.5641     2.0726    59.5626   997.4483  0.000e+00
      3.298    23.5994    23.6051     96.161  93.478659      4.692     8.0205     94.592    8.47903    8.46027 8.0360e+00     9.5938     2.0773    59.4915   997.4485  0.000e+00
      3.309    23.6002    23.6059     96.066  93.387076      4.707     8.0175     94.559    8.47891    8.46015 8.0415e+00     9.4391     2.0910    59.2886   997.4483  0.000e+00
      3.324    23.6001    23.6058     96.160  93.478659      4.727     8.0169     94.552    8.47892    8.46016 7.9846e+00     9.3076     2.0839    59.3938   997.4484  0.000e+00
      3.333    23.6001    23.6058     96.066  93.387076      4.740     8.0144     94.522    8.47892    8.46016 7.8001e+00     9.3352     2.0931    59.2576   997.4485  0.000e+00
      3.330    23.6002    23.6059     96.160  93.478659      4.737     8.0066     94.430    8.47890    8.46015 7.9754e+00     9.2822     2.0825    59.4145   997.4485  0.000e+00
      3.328    23.6008    23.6065     96.221  93.539715      4.734     8.0007     94.361    8.47880    8.46004 7.9481e+00     9.1571     2.0840    59.3923   997.4483  0.000e+00
      3.330    23.6008    23.6065     96.159  93.478659      4.737     7.9968     94.315    8.47880    8.46005 8.0047e+00     8.9897     2.0761    59.5107   997.4483  0.000e+00
      3.335    23.6003    23.6060     96.160  93.478659      4.743     8.0031     94.389    8.47889    8.46013 7.8864e+00     8.9367     2.0751    59.5255   997.4484  0.000e+00
      3.338    23.6000    23.6057     96.066  93.387076      4.748     8.0063     94.426    8.47893    8.46018 7.9462e+00     9.0342     2.0727    59.5611   997.4485  0.000e+00
      3.346    23.5998    23.6054     96.161  93.478659      4.759     7.9986     94.334    8.47897    8.46022 7.8055e+00     9.0893     2.0597    59.7550   997.4486  0.000e+00
      3.374    23.5997    23.6053     96.161  93.478660      4.799     8.0023     94.378    8.47899    8.46023 7.7325e+00     9.3098     2.0762    59.5093   997.4488  0.000e+00
      3.431    23.5996    23.6053     96.161  93.478660      4.881     8.0055     94.415    8.47900    8.46025 7.5591e+00     9.1995     2.0761    59.5107   997.4491  0.000e+00
      3.480    23.5985    23.6042     96.069  93.387078      4.949     7.9928     94.264    8.47917    8.46042 7.3743e+00     9.0405     2.0742    59.5389   997.4495  0.000e+00
      3.530    23.5982    23.6038     96.070  93.387078      5.021     7.9862     94.185    8.47923    8.46047 7.0975e+00     8.9960     2.0838    59.3952   997.4498  0.000e+00
      3.586    23.5982    23.6038     96.164  93.478662      5.101     7.9807     94.121    8.47923    8.46047 7.0134e+00     8.9600     2.0711    59.5848   997.4501  0.000e+00
      3.634    23.5962    23.6019     95.979  93.295497      5.168     7.9841     94.157    8.47955    8.46079 6.9590e+00     9.0787     2.0559    59.8113   997.4507  0.000e+00
      3.679    23.5891    23.5948     96.088  93.387082      5.232     7.9964     94.289    8.48068    8.46193 6.7625e+00     9.1190     2.0629    59.7062   997.4527  0.000e+00
      3.741    23.5843    23.5899     96.191  93.478668      5.321     8.0134     94.482    8.48144    8.46269 6.6184e+00     9.0257     2.0778    59.4841   997.4542  0.000e+00
      3.817    23.5823    23.5880     96.101  93.387085      5.429     8.0242     94.605    8.48176    8.46301 6.2944e+00     8.9981     2.0741    59.5404   997.4549  0.000e+00
      3.887    23.5750    23.5806     95.362  92.654436      5.529     8.0297     94.657    8.48295    8.46421 6.1830e+00     9.0427     2.0681    59.6292   997.4568  0.000e+00
      3.957    23.4715    23.4771     93.172  90.334579      5.628     8.0484     94.692    8.49953    8.48086 6.0401e+00     9.0872     2.0668    59.6484   997.4814  0.000e+00
      4.035    23.1571    23.1626     92.260  88.869614      5.739     8.0794     94.495    8.55016    8.53167 5.7235e+00     9.1783     2.0739    59.5433   997.5569  0.000e+00
      4.095    22.7347    22.7402     92.213  88.045688      5.825     8.1013     93.993    8.61898    8.60077 5.7392e+00     9.1550     2.0745    59.5344   997.6570  0.000e+00
      4.148    22.3315    22.3368     92.226  87.313343      5.900     8.0749     92.968    8.68563    8.66769 5.4546e+00     9.2377     2.0737    59.5463   997.7509  0.000e+00
      4.221    21.9619    21.9671     92.237  86.642049      6.004     7.9597     90.993    8.74754    8.72985 5.4135e+00     9.4030     2.0849    59.3790   997.8356  0.000e+00
      4.290    21.5996    21.6047     91.546  85.329933      6.101     7.7659     88.159    8.80901    8.79158 5.1521e+00     9.5069     2.1190    58.8755   997.9171  0.000e+00
