data/ctd_cnv_files/2024.03.21 Okaro 2 0002.cnv
* Sea-Bird SBE19plus  Data File:
* FileName = C:\Users\dcastle\Documents\CTD\SBE19plus_01908200_2024_03_27_0002.hex
* Software version 2.8.0.119
* Temperature SN = 8200
* Conductivity SN = 8200
* System UpLoad Time = Mar 27 2024 14:47:05
* <ApplicationData>
* <Seaterm232>
# nquan = 16
# nvalues = 410                                   
# units = specified
# name 0 = depFM: Depth [fresh water, m]
# name 1 = tv290C: Temperature [ITS-90, deg C]
# name 2 = tv268C: Temperature [IPTS-68, deg C]
# name 3 = specc: Specific Conductance [uS/cm]
# name 4 = c0uS/cm: Conductivity [uS/cm]
# name 5 = prdE: Pressure, Strain Gauge [psi]
# name 6 = sbeox0Mg/L: Oxygen, SBE 43 [mg/l]
# name 7 = sbeox0PS: Oxygen, SBE 43 [% saturation]
# name 8 = oxsolMg/L: Oxygen Saturation, Garcia & Gordon [mg/l]
# name 9 = oxsatMg/L: Oxygen Saturation, Weiss [mg/l]
# name 10 = par/sat/log: PAR/Logarithmic, Satlantic [umol photons/m^2/sec]
# name 11 = flCM: Fluorescence, Chelsea Mini Chl Con [ug/l]
# name 12 = CStarAt0: Beam Attenuation, WET Labs C-Star [1/m]
# name 13 = CStarTr0: Beam Transmission, WET Labs C-Star [%]
# name 14 = density00: Density [density, kg/m^3]
# name 15 = flag:  0.000e+00
# span 0 =     -0.517,     16.072                 
# span 1 =     9.9154,    18.3992                 
# span 2 =     9.9177,    18.4037                 
# span 3 =      0.443,    223.825                 
# span 4 =   0.378993, 156.335725                 
# span 5 =     -0.736,     22.860                 
# span 6 =    -0.7599,     9.9148                 
# span 7 =     -6.903,    105.230                 
# span 8 =    9.38729,   11.30669                 
# span 9 =    9.37223,   11.29561                 
# span 10 = 1.1258e-01, 4.6527e+03                
# span 11 =    -0.3612,    36.3321                
# span 12 =     1.6611,    55.2620                
# span 13 =    -1.1062,    66.0166                
# span 14 =   998.5629,   999.8666                
# span 15 = 0.0000e+00, 0.0000e+00                
# interval = seconds: 0.25
# start_time = Mar 21 2024 12:45:14 [Instrument's time stamp, header]
# bad_flag = -9.990e-29
*END*
     -0.514    17.7449    17.7492      1.170   1.000517     -0.731     9.3923     98.696    9.51636    9.50178 2.3290e+02    -0.3612    55.2620    -1.1062   998.6482  0.000e+00
     -0.514    17.7529    17.7571      1.032   0.882130     -0.731     9.3875     98.662    9.51481    9.50022 2.3103e+02    -0.3612    55.2620    -1.1062   998.6468  0.000e+00
     -0.514    17.7595    17.7638      0.858   0.734147     -0.731     9.3823     98.621    9.51351    9.49891 2.3957e+02     0.5334    55.2620    -1.1062   998.6456  0.000e+00
     -0.515    17.7659    17.7701      0.443   0.378993     -0.733     9.3799     98.609    9.51225    9.49766 6.0525e+02    -0.3612    55.2620    -1.1062   998.6444  0.000e+00
     -0.515    17.7714    17.7757      2.069   1.770049     -0.733     9.3819     98.641    9.51116    9.49656 1.8089e+03    -0.3612    55.2620    -1.1062   998.6435  0.000e+00
     -0.515    17.7710    17.7752      7.225   6.180632     -0.733     9.3835     98.657    9.51116    9.49656 2.0504e+03    -0.3612    55.2620    -1.1062   998.6447  0.000e+00
     -0.517    17.7417    17.7460      4.079   3.486805     -0.736     9.3867     98.631    9.51695    9.50237 2.2291e+03    13.5814    55.2620    -1.1062   998.6493  0.000e+00
     -0.515    17.7272    17.7314      4.011   3.427604     -0.733     9.3904     98.641    9.51981    9.50524 2.3637e+03    12.3879     6.1512    21.4852   998.6519  0.000e+00
     -0.412    17.7323    17.7365     51.399  43.932315     -0.586     9.3887     98.644    9.51774    9.50316 2.3709e+03    11.2473     1.6611    66.0166   998.6660  0.000e+00
     -0.240    17.8773    17.8815     95.084  81.547065     -0.342     9.3585     98.632    9.48827    9.47359 2.3580e+03    13.0556     9.1440    10.1673   998.6552  0.000e+00
     -0.053    18.0722    18.0765     99.449  85.677934     -0.076     9.3123     98.540    9.45026    9.43544 1.6617e+03    10.9188     3.7876    38.7938   998.6215  0.000e+00
      0.090    18.2023    18.2067     99.011  85.559011      0.128     9.2990     98.662    9.42512    9.41020 1.1924e+03     8.2117     2.2251    57.3342   998.5978  0.000e+00
      0.158    18.2468    18.2512     98.909  85.559000      0.225     9.3263     99.041    9.41655    9.40160 6.8248e+02     6.9270     1.9280    61.7554   998.5897  0.000e+00
      0.207    18.2502    18.2546     98.798  85.469834      0.295     9.4079     99.916    9.41589    9.40094 6.4489e+02     5.8755     1.8278    63.3219   998.5893  0.000e+00
      0.243    18.2408    18.2452     99.061  85.677889      0.346     9.5184    101.069    9.41771    9.40276 9.3251e+02     5.0700     1.7705    64.2354   998.5913  0.000e+00
      0.246    18.2309    18.2352     99.221  85.796780      0.350     9.6348    102.284    9.41961    9.40467 1.0540e+03     4.4637     2.2368    57.1669   998.5932  0.000e+00
      0.254    18.2276    18.2320     99.091  85.677893      0.361     9.7461    103.459    9.42024    9.40530 1.4226e+03     3.9401     3.2146    44.7696   998.5938  0.000e+00
      0.259    18.2231    18.2274     99.033  85.618450      0.369     9.8262    104.300    9.42112    9.40619 8.8366e+02     3.5330     4.6218    31.4913   998.5947  0.000e+00
      0.264    18.2203    18.2246     98.901  85.499565      0.375     9.8926    104.998    9.42166    9.40673 1.4528e+03     3.1727     2.5655    52.6569   998.5952  0.000e+00
      0.262    18.2182    18.2225     98.906  85.499565      0.372     9.9148    105.230    9.42207    9.40714 8.4159e+02     2.7317     2.3589    55.4479   998.5956  0.000e+00
      0.263    18.2193    18.2237     98.869  85.469843      0.374     9.9144    105.228    9.42185    9.40692 1.5878e+03     2.7911     1.8886    62.3654   998.5954  0.000e+00
      0.262    18.2316    18.2360     98.841  85.469840      0.372     9.8767    104.854    9.41949    9.40455 1.2614e+03     3.7090     2.3208    55.9780   998.5930  0.000e+00
      0.259    18.2470    18.2514     98.840  85.499557      0.369     9.8358    104.453    9.41652    9.40157 1.1852e+03     2.6766     1.8672    62.7000   998.5901  0.000e+00
      0.263    18.2573    18.2617     98.817  85.499554      0.374     9.7797    103.879    9.41453    9.39957 2.5157e+03     2.4583     1.7979    63.7957   998.5882  0.000e+00
      0.265    18.2638    18.2682     98.870  85.558996      0.377     9.5683    101.647    9.41328    9.39831 1.6755e+03     2.3183     1.8001    63.7616   998.5870  0.000e+00
      0.265    18.2702    18.2746     98.856  85.558994      0.377     9.3330     99.160    9.41204    9.39708 1.1697e+03     2.0385     1.7583    64.4309   998.5858  0.000e+00
      0.264    18.2724    18.2768     98.782  85.499550      0.375     9.1147     96.845    9.41162    9.39666 1.4547e+03     2.1466     1.7582    64.4323   998.5854  0.000e+00
      0.264    18.2718    18.2762     98.852  85.558993      0.375     8.8141     93.650    9.41174    9.39677 7.1707e+02     2.2590     1.7474    64.6071   998.5855  0.000e+00
      0.263    18.2696    18.2740     98.857  85.558994      0.374     8.4166     89.422    9.41216    9.39720 9.9903e+02     1.7438     1.7504    64.5582   998.5859  0.000e+00
      0.263    18.2669    18.2713     98.795  85.499552      0.374     7.9923     84.910    9.41269    9.39772 9.3231e+02     2.1869     1.7480    64.5967   998.5864  0.000e+00
      0.261    18.2636    18.2680     98.802  85.499552      0.371     7.6152     80.898    9.41333    9.39837 2.3415e+03     2.0364     1.7643    64.3346   998.5870  0.000e+00
      0.261    18.2608    18.2652     98.809  85.499553      0.371     7.2980     77.524    9.41387    9.39891 1.1434e+03     1.7778     1.7517    64.5375   998.5876  0.000e+00
      0.267    18.2579    18.2623     98.884  85.558997      0.380     7.0853     75.260    9.41442    9.39947 8.8909e+02     2.2547     1.7523    64.5271   998.5882  0.000e+00
      0.271    18.2536    18.2580     98.963  85.618442      0.386     6.9662     73.989    9.41525    9.40029 1.5092e+03     2.6851     1.7585    64.4279   998.5890  0.000e+00
      0.278    18.2502    18.2546     99.108  85.737331      0.395     6.9054     73.338    9.41589    9.40093 4.0276e+02     3.7154     1.7704    64.2369   998.5897  0.000e+00
      0.277    18.2490    18.2534     98.973  85.618443      0.394     6.9024     73.304    9.41613    9.40117 4.7958e+02     6.4564     1.7541    64.4990   998.5899  0.000e+00
      0.276    18.2494    18.2537     98.904  85.559000      0.392     6.9093     73.378    9.41606    9.40111 1.2268e+03     4.3153     1.7506    64.5552   998.5898  0.000e+00
      0.279    18.2501    18.2544     98.902  85.559000      0.397     6.9276     73.573    9.41592    9.40097 2.0113e+03     1.5064     1.7478    64.5997   998.5897  0.000e+00
      0.291    18.2496    18.2540     98.834  85.499557      0.414     6.9298     73.596    9.41601    9.40106 3.4434e+03    -0.3612     1.7459    64.6308   998.5898  0.000e+00
      0.299    18.2478    18.2522     98.838  85.499557      0.425     6.9396     73.697    9.41637    9.40141 9.5355e+02     1.3135     1.7710    64.2265   998.5902  0.000e+00
      0.304    18.2429    18.2473     98.918  85.559002      0.432     6.9120     73.397    9.41731    9.40236 1.2907e+03     4.3958     1.7497    64.5700   998.5911  0.000e+00
      0.301    18.2385    18.2429     98.928  85.559003      0.428     6.8640     72.881    9.41815    9.40321 2.2276e+03     1.7608     1.7553    64.4797   998.5920  0.000e+00
      0.296    18.2360    18.2404     98.865  85.499560      0.422     6.7968     72.164    9.41863    9.40368 1.2969e+03    -0.3612     1.7569    64.4531   998.5924  0.000e+00
      0.302    18.2327    18.2371     98.873  85.499561      0.429     6.7375     71.529    9.41927    9.40433 9.2459e+02     0.9998     1.7539    64.5019   998.5930  0.000e+00
      0.315    18.2324    18.2367     98.874  85.499562      0.448     6.6726     70.839    9.41933    9.40439 6.2380e+02     4.4361     1.7437    64.6663   998.5931  0.000e+00
      0.326    18.2341    18.2385     98.835  85.469840      0.463     6.6245     70.332    9.41900    9.40406 8.4639e+02     9.6447     1.7414    64.7033   998.5929  0.000e+00
      0.352    18.2354    18.2398     98.832  85.469839      0.500     6.5810     69.872    9.41874    9.40380 9.8063e+02     6.9503     1.7328    64.8425   998.5927  0.000e+00
      0.377    18.2371    18.2415     99.207  85.796779      0.536     6.5563     69.611    9.41841    9.40347 5.5710e+02     4.7096     1.7503    64.5597   998.5927  0.000e+00
      0.371    18.2365    18.2409     99.449  86.004835      0.528     6.5435     69.475    9.41853    9.40358 6.0011e+02     5.2502     1.7645    64.3317   998.5928  0.000e+00
      0.376    18.2381    18.2424     98.929  85.559004      0.534     6.5406     69.446    9.41824    9.40329 5.3759e+02     1.0676     1.7401    64.7255   998.5924  0.000e+00
      0.399    18.2392    18.2436     98.824  85.469839      0.567     6.5334     69.371    9.41802    9.40307 3.1070e+03     2.2357     1.7544    64.4945   998.5922  0.000e+00
      0.425    18.2399    18.2443     99.063  85.677891      0.604     6.5139     69.165    9.41788    9.40293 5.0709e+02     2.8123     1.7500    64.5656   998.5923  0.000e+00
      0.433    18.2393    18.2437     99.442  86.004834      0.616     6.5003     69.020    9.41799    9.40304 6.6859e+02     3.5839     1.7508    64.5523   998.5926  0.000e+00
      0.422    18.2431    18.2474     99.708  86.242613      0.601     6.5375     69.420    9.41725    9.40231 1.2711e+03     8.3600     1.7657    64.3124   998.5919  0.000e+00
      0.409    18.2560    18.2604     99.301  85.915663      0.582     6.6191     70.306    9.41477    9.39981 2.0047e+03     7.8089     1.7619    64.3731   998.5893  0.000e+00
      0.404    18.2612    18.2656     98.876  85.558998      0.575     6.7487     71.690    9.41378    9.39882 7.2845e+02    -0.3612     1.7784    64.1081   998.5881  0.000e+00
      0.409    18.2590    18.2634     98.778  85.469833      0.582     6.8764     73.043    9.41421    9.39925 7.4996e+02     2.7487     1.7688    64.2621   998.5885  0.000e+00
      0.424    18.2544    18.2587     98.823  85.499556      0.602     6.9917     74.260    9.41510    9.40014 1.0122e+03     3.7726     1.7707    64.2310   998.5895  0.000e+00
      0.485    18.2498    18.2542     98.834  85.499558      0.690     7.0556     74.932    9.41598    9.40102 1.5109e+03    -0.3612     1.7486    64.5878   998.5906  0.000e+00
      0.534    18.2439    18.2483     99.706  86.242614      0.760     7.0893     75.281    9.41709    9.40214 1.1489e+03    -0.3612     1.7721    64.2088   998.5923  0.000e+00
      0.540    18.2510    18.2554     99.999  86.510118      0.768     7.1293     75.717    9.41571    9.40076 4.2708e+02    -0.3612     1.7833    64.0296   998.5911  0.000e+00
      0.541    18.3110    18.3154     99.689  86.361486      0.769     7.1722     76.266    9.40419    9.38920 9.1054e+02    -0.3612     1.7829    64.0355   998.5797  0.000e+00
      0.547    18.3802    18.3846     99.256  86.123686      0.779     7.2234     76.919    9.39093    9.37588 9.5690e+02    -0.3612     1.7638    64.3420   998.5665  0.000e+00
      0.552    18.3992    18.4037     99.144  86.064235      0.785     7.2720     77.466    9.38729    9.37223 5.2423e+02     2.1191     1.7551    64.4827   998.5629  0.000e+00
      0.556    18.3849    18.3893     99.040  85.945350      0.791     7.3161     77.914    9.39004    9.37499 7.5407e+02    -0.3612     1.7683    64.2695   998.5656  0.000e+00
      0.569    18.3600    18.3644     99.062  85.915635      0.809     7.3593     78.334    9.39481    9.37978 5.2366e+02    -0.3612     1.7783    64.1096   998.5704  0.000e+00
      0.580    18.3330    18.3374     99.227  86.004809      0.825     7.3712     78.417    9.39999    9.38498 6.5384e+02     1.7248     1.7873    63.9659   998.5756  0.000e+00
      0.592    18.3105    18.3149     99.278  86.004816      0.842     7.3402     78.051    9.40429    9.38929 1.1646e+03     3.2681     1.7800    64.0829   998.5799  0.000e+00
      0.607    18.2977    18.3021     99.308  86.004819      0.863     7.2671     77.254    9.40675    9.39176 5.6955e+02    -0.3612     1.7827    64.0385   998.5823  0.000e+00
      0.615    18.2890    18.2934     99.396  86.064267      0.874     7.1564     76.064    9.40842    9.39344 1.4931e+03    -0.3612     1.7926    63.8816   998.5840  0.000e+00
      0.608    18.2848    18.2892     99.543  86.183158      0.865     7.0353     74.770    9.40923    9.39425 1.1058e+03    -0.3612     1.7949    63.8445   998.5849  0.000e+00
      0.588    18.2875    18.2919     99.469  86.123712      0.836     6.9160     73.506    9.40871    9.39373 1.6881e+03     3.7662     1.7780    64.1140   998.5842  0.000e+00
      0.605    18.3083    18.3127     98.837  85.618430      0.860     6.8077     72.386    9.40472    9.38973 9.5585e+02    -0.3612     1.8081    63.6343   998.5802  0.000e+00
      0.653    18.2939    18.2983     99.008  85.737321      0.928     6.7111     71.338    9.40749    9.39250 6.5973e+02     1.7014     1.8137    63.5455   998.5832  0.000e+00
      0.669    18.2705    18.2749     99.439  86.064272      0.952     6.6661     70.826    9.41198    9.39701 8.5664e+02     4.3534     1.7906    63.9126   998.5878  0.000e+00
      0.669    18.2872    18.2916     99.401  86.064268      0.952     6.6890     71.093    9.40877    9.39379 1.4717e+03     3.7069     1.8026    63.7216   998.5846  0.000e+00
      0.673    18.3202    18.3246     99.256  86.004814      0.958     6.7764     72.071    9.40243    9.38743 1.1651e+03     1.9749     1.7683    64.2695   998.5784  0.000e+00
      0.691    18.3367    18.3411     99.047  85.856198      0.982     6.8841     73.241    9.39927    9.38425 5.0709e+02     0.9786     1.8192    63.4581   998.5753  0.000e+00
      0.697    18.3415    18.3459     99.105  85.915641      0.992     6.9763     74.229    9.39836    9.38334 6.2162e+02     1.1312     1.7956    63.8327   998.5744  0.000e+00
      0.695    18.3389    18.3433     99.213  86.004809      0.989     7.0389     74.891    9.39884    9.38382 1.1759e+03     2.0216     1.7736    64.1851   998.5750  0.000e+00
      0.689    18.3352    18.3396     99.359  86.123699      0.979     7.0533     75.039    9.39956    9.38455 5.2023e+02    -0.3612     1.8199    63.4462   998.5757  0.000e+00
      0.684    18.3325    18.3369     99.297  86.064255      0.973     7.0229     74.711    9.40007    9.38506 1.6591e+03    -0.3612     1.8368    63.1783   998.5761  0.000e+00
      0.679    18.3301    18.3345     99.165  85.945366      0.965     6.9554     73.989    9.40055    9.38554 1.5944e+03     1.8710     1.8012    63.7439   998.5765  0.000e+00
      0.678    18.3275    18.3319     99.137  85.915645      0.964     6.8498     72.862    9.40104    9.38603 7.1410e+02    -0.3612     1.7923    63.8860   998.5770  0.000e+00
      0.684    18.3246    18.3290     99.143  85.915646      0.973     6.7317     71.602    9.40159    9.38659 6.9256e+02    -0.3612     1.7854    63.9956   998.5776  0.000e+00
      0.690    18.3204    18.3248     99.325  86.064258      0.981     6.6149     70.354    9.40240    9.38739 1.3686e+03    -0.3612     1.7691    64.2576   998.5785  0.000e+00
      0.690    18.3177    18.3221     99.399  86.123704      0.981     6.5177     69.316    9.40292    9.38792 1.0673e+03    -0.3612     1.7793    64.0933   998.5790  0.000e+00
      0.690    18.3163    18.3207     99.403  86.123705      0.981     6.4251     68.329    9.40319    9.38819 3.6401e+03    -0.3612     1.7766    64.1362   998.5793  0.000e+00
      0.686    18.3204    18.3248     99.325  86.064258      0.976     6.3505     67.541    9.40240    9.38739 6.9438e+02    -0.3612     1.7787    64.1036   998.5784  0.000e+00
      0.685    18.3269    18.3313     99.172  85.945367      0.975     6.2878     66.883    9.40115    9.38615 5.3162e+02     0.8429     1.7902    63.9186   998.5772  0.000e+00
