data/ctd_cnv_files/2024.01.12 Okaro 121.cnv
* Sea-Bird SBE19plus Data File:
* FileName = C:\Users\instrument\Desktop\Iola Rosa. CTD Cast. July.23\September 2023\15 January 2023 upload121.hex
* Software Version 1.59
* Temperature SN =  4268
* Conductivity SN =  4268
* System UpLoad Time = Jan 15 2024 13:57:00
* ds
* SeacatPlus V 1.6  SERIAL NO. 4268    15 Jan 2024  13:59:04
# nquan = 16
# nvalues = 632                                   
# units = specified
# name 0 = depFM: Depth [fresh water, m]
# name 1 = tv290C: Temperature [ITS-90, deg C]
# name 2 = tv268C: Temperature [IPTS-68, deg C]
# name 3 = specc: Specific Conductance [uS/cm]
# name 4 = c0uS/cm: Conductivity [uS/cm]
# name 5 = prdE: Pressure, Strain Gauge [psi]
# name 6 = sbeox0Mg/L: Oxygen, SBE 43 [mg/l]
# name 7 = sbeox0PS: Oxygen, SBE 43 [% saturation]
# name 8 = oxsolMg/L: Oxygen Saturation, Garcia & Gordon [mg/l]
# name 9 = oxsatMg/L: Oxygen Saturation, Weiss [mg/l]
# name 10 = par: PAR/Irradiance, Biospherical/Licor
# name 11 = flCM: Fluorescence, Chelsea Mini Chl Con [ug/l]
# name 12 = bat: Beam Attenuation, Chelsea/Seatech [1/m]
# name 13 = xmiss: Beam Transmission, Chelsea/Seatech [%]
# name 14 = density00: Density [density, kg/m^3]
# name 15 = flag:  0.000e+00
# span 0 =     -0.665,     15.547                 
# span 1 =     9.7074,    31.2117                 
# span 2 =     9.7097,    31.2192                 
# span 3 =     -2.674,    101.138                 
# span 4 =  -3.001336, 102.607700                 
# span 5 =     -0.946,     22.113                 
# span 6 =     0.0747,    10.1658                 
# span 7 =      0.658,    122.267                 
# span 8 =    7.40353,   11.36302                 
# span 9 =    7.38380,   11.35194                 
# span 10 = 2.8987e-01, 1.3839e+03                
# span 11 =    -0.3612,    67.3886                
# span 12 =     1.2533,    13.9875                
# span 13 =     3.0292,    73.1014                
# span 14 =   995.2738,   999.8372                
# span 15 = 0.0000e+00, 0.0000e+00                
# interval = seconds: 0.25
# start_time = Jan 12 2024 14:50:06 [Instrument's time stamp, header]
# bad_flag = -9.990e-29
*END*
[from data line 181]
      0.392    26.1530    26.1593     99.805 102.119020      0.558     4.9618     61.343    8.08856    8.06856 3.9978e+01     1.1312     1.6956    65.4495   996.7855  0.000e+00
      0.399    26.1567    26.1630     99.380 101.691454      0.567     4.9612     61.341    8.08803    8.06802 3.9180e+01     1.2987     1.7024    65.3370   996.7844  0.000e+00
      0.411    26.1578    26.1641     98.572 100.866889      0.584     4.9562     61.279    8.08789    8.06788 3.8363e+01     1.0231     1.6989    65.3948   996.7839  0.000e+00
      0.432    26.1362    26.1425     98.882 101.141747      0.614     4.9465     61.135    8.09105    8.07105 3.7229e+01     2.4010     1.7219    65.0202   996.7898  0.000e+00
      0.438    26.0986    26.1048    100.061 102.271742      0.623     4.9342     60.942    8.09655    8.07657 3.7623e+01     2.1381     1.7035    65.3192   996.8003  0.000e+00
      0.443    26.0845    26.0908    100.417 102.607700      0.630     4.9270     60.838    8.09860    8.07862 3.8832e+01     2.0046     1.6905    65.5325   996.8042  0.000e+00
      0.444    26.1186    26.1248     99.544 101.783087      0.631     4.9417     61.057    8.09362    8.07363 3.7331e+01     1.9007     1.6920    65.5073   996.7948  0.000e+00
      0.449    26.2374    26.2437     98.925 101.386029      0.639     4.9699     61.537    8.07622    8.05619 3.7348e+01     1.9792     1.6985    65.4022   996.7629  0.000e+00
      0.457    26.2849    26.2912     98.417 100.958464      0.650     4.9956     61.909    8.06930    8.04925 3.5872e+01     1.8520     1.6922    65.5043   996.7500  0.000e+00
      0.465    26.2758    26.2821     98.762 101.294398      0.661     5.0091     62.066    8.07061    8.05056 3.6712e+01     1.6612     1.6946    65.4658   996.7526  0.000e+00
      0.468    26.2714    26.2777     99.425 101.966278      0.665     5.0126     62.104    8.07124    8.05119 3.5651e+01     1.4873     1.7077    65.2511   996.7540  0.000e+00
      0.469    26.3054    26.3117     99.657 102.271674      0.667     5.0031     62.025    8.06628    8.04622 3.6169e+01     1.1990     1.6967    65.4303   996.7450  0.000e+00
      0.467    26.3421    26.3485     99.764 102.454908      0.664     4.9995     62.022    8.06092    8.04085 3.5602e+01     0.8577     1.7033    65.3237   996.7351  0.000e+00
      0.466    26.3573    26.3637     99.200 101.905169      0.662     4.9994     62.037    8.05871    8.03864 3.4124e+01     1.0718     1.7205    65.0424   996.7308  0.000e+00
      0.473    26.3459    26.3523     98.389 101.050062      0.673     5.0041     62.082    8.06039    8.04032 3.4692e+01     0.1878     1.7330    64.8395   996.7336  0.000e+00
      0.481    26.3294    26.3357     98.510 101.141684      0.684     4.9973     61.979    8.06280    8.04274 3.4931e+01     0.6500     1.7290    64.9047   996.7382  0.000e+00
      0.487    26.3190    26.3254     99.155 101.783021      0.692     4.9859     61.827    8.06430    8.04423 3.6153e+01     1.2965     1.7443    64.6574   996.7412  0.000e+00
      0.488    26.3317    26.3380     99.695 102.363288      0.694     4.9715     61.662    8.06244    8.04237 3.3813e+01     1.4174     1.7604    64.3968   996.7380  0.000e+00
      0.484    26.3500    26.3563     99.898 102.607612      0.689     4.9625     61.571    8.05976    8.03969 3.4510e+01     0.8980     1.7572    64.4486   996.7331  0.000e+00
      0.481    26.3648    26.3712     99.304 102.027329      0.684     4.9625     61.588    8.05762    8.03754 3.2934e+01     1.5806     1.7619    64.3731   996.7289  0.000e+00
      0.480    26.3700    26.3763     98.670 101.385986      0.683     4.9714     61.704    8.05688    8.03680 3.4070e+01     1.3071     1.7573    64.4472   996.7273  0.000e+00
      0.481    26.3670    26.3733     98.260 100.958438      0.684     4.9690     61.671    8.05732    8.03725 3.2641e+01     1.0888     1.7749    64.1644   996.7280  0.000e+00
      0.482    26.3612    26.3676     98.360 101.050057      0.686     4.9569     61.515    8.05816    8.03808 3.4101e+01     1.7036     1.7619    64.3731   996.7296  0.000e+00
      0.483    26.3608    26.3671     98.926 101.630307      0.687     4.9412     61.319    8.05822    8.03814 3.2077e+01     1.8265     1.7718    64.2132   996.7299  0.000e+00
      0.484    26.3785    26.3848     99.367 102.118946      0.689     4.9151     61.014    8.05562    8.03554 3.3138e+01     0.7878     1.7710    64.2265   996.7253  0.000e+00
      0.484    26.3989    26.4053     99.476 102.271643      0.689     4.8935     60.769    8.05265    8.03256 3.2158e+01     0.9574     1.7776    64.1214   996.7198  0.000e+00
      0.485    26.4092    26.4155     99.397 102.210558      0.690     4.8830     60.650    8.05116    8.03107 3.1207e+01     0.7348     1.7926    63.8816   996.7170  0.000e+00
      0.484    26.4120    26.4183     99.064 101.874611      0.689     4.8754     60.559    8.05076    8.03066 3.1509e+01     0.8069     1.7713    64.2221   996.7161  0.000e+00
      0.481    26.4085    26.4148     98.893 101.691371      0.684     4.8624     60.393    8.05127    8.03118 3.1458e+01     1.1270     1.7681    64.2739   996.7170  0.000e+00
      0.484    26.4032    26.4095     98.844 101.630293      0.689     4.8596     60.352    8.05204    8.03195 3.1315e+01     0.9764     1.7748    64.1658   996.7184  0.000e+00
      0.482    26.3988    26.4052     98.971 101.752455      0.686     4.8494     60.220    8.05268    8.03259 3.1086e+01     1.2478     1.7847    64.0074   996.7196  0.000e+00
      0.482    26.3979    26.4043     99.181 101.966237      0.686     4.8370     60.066    8.05280    8.03271 3.0753e+01     1.3326     1.7731    64.1925   996.7200  0.000e+00
      0.483    26.4009    26.4072     99.413 102.210561      0.687     4.8254     59.925    8.05237    8.03228 3.0472e+01     1.1100     1.7565    64.4605   996.7192  0.000e+00
      0.484    26.4058    26.4121     99.314 102.118937      0.689     4.8096     59.735    8.05166    8.03157 3.1029e+01     1.1015     1.7520    64.5330   996.7179  0.000e+00
      0.486    26.4106    26.4170     99.216 102.027314      0.692     4.7949     59.557    8.05095    8.03086 3.0795e+01     0.9849     1.7448    64.6485   996.7166  0.000e+00
      0.483    26.4139    26.4202     99.061 101.874610      0.687     4.7804     59.381    8.05049    8.03039 3.1136e+01     1.1248     1.7507    64.5538   996.7156  0.000e+00
      0.484    26.4145    26.4209     98.970 101.782989      0.689     4.7705     59.259    8.05039    8.03030 3.0894e+01     1.1609     1.7576    64.4427   996.7154  0.000e+00
      0.483    26.4135    26.4198     99.062 101.874610      0.687     4.7587     59.110    8.05054    8.03045 3.0859e+01     1.3071     1.7510    64.5493   996.7157  0.000e+00
      0.483    26.4128    26.4191     99.211 102.027313      0.687     4.7460     58.952    8.05064    8.03055 3.0222e+01     0.6669     1.7388    64.7462   996.7160  0.000e+00
      0.484    26.4132    26.4195     99.211 102.027313      0.689     4.7371     58.842    8.05058    8.03049 3.0633e+01     0.7560     1.7464    64.6233   996.7159  0.000e+00
      0.487    26.4153    26.4217     99.207 102.027312      0.693     4.7280     58.731    8.05027    8.03018 3.1236e+01     1.2224     1.7472    64.6100   996.7153  0.000e+00
      0.485    26.4180    26.4243     99.291 102.118933      0.690     4.7178     58.608    8.04989    8.02979 3.0774e+01     1.2584     1.7549    64.4857   996.7146  0.000e+00
      0.484    26.4204    26.4267     99.286 102.118932      0.689     4.7053     58.455    8.04953    8.02944 3.0180e+01     0.9807     1.7456    64.6367   996.7139  0.000e+00
      0.483    26.4223    26.4286     99.134 101.966229      0.687     4.6990     58.378    8.04926    8.02917 3.0070e+01     1.1164     1.7536    64.5064   996.7134  0.000e+00
      0.483    26.4234    26.4298     99.042 101.874607      0.687     4.6902     58.269    8.04909    8.02900 2.9389e+01     1.1800     1.7587    64.4249   996.7130  0.000e+00
      0.485    26.4235    26.4299     99.042 101.874607      0.690     4.6822     58.171    8.04908    8.02898 3.0111e+01     1.1227     1.7527    64.5212   996.7130  0.000e+00
      0.487    26.4233    26.4297     99.132 101.966228      0.693     4.6734     58.061    8.04911    8.02901 2.9335e+01     0.8153     1.7661    64.3050   996.7131  0.000e+00
      0.487    26.4233    26.4297     99.280 102.118931      0.693     4.6654     57.962    8.04910    8.02901 2.9234e+01     0.9150     1.7533    64.5123   996.7132  0.000e+00
      0.487    26.4247    26.4311     99.367 102.210553      0.693     4.6572     57.862    8.04890    8.02881 3.0347e+01     0.9340     1.7671    64.2902   996.7128  0.000e+00
      0.484    26.4270    26.4333     99.273 102.118930      0.689     4.6492     57.764    8.04858    8.02848 3.0111e+01     0.9764     1.7651    64.3213   996.7122  0.000e+00
      0.486    26.4288    26.4352     99.121 101.966227      0.692     4.6454     57.719    8.04831    8.02821 2.9884e+01     1.0061     1.7756    64.1525   996.7116  0.000e+00
      0.486    26.4287    26.4351     99.032 101.874605      0.692     4.6414     57.669    8.04833    8.02823 3.0409e+01     0.9892     1.7674    64.2843   996.7116  0.000e+00
      0.485    26.4273    26.4337     99.035 101.874606      0.690     4.6347     57.585    8.04853    8.02843 3.0063e+01     1.0082     1.7668    64.2946   996.7120  0.000e+00
      0.487    26.4257    26.4320     99.127 101.966228      0.693     4.6264     57.480    8.04877    8.02867 3.0612e+01     1.0104     1.7551    64.4827   996.7125  0.000e+00
      0.487    26.4254    26.4317     99.187 102.027309      0.693     4.6165     57.356    8.04881    8.02871 3.0823e+01     0.8662     1.7570    64.4516   996.7126  0.000e+00
      0.487    26.4266    26.4329     99.363 102.210552      0.693     4.6115     57.295    8.04863    8.02854 3.1000e+01     0.9637     1.7642    64.3361   996.7123  0.000e+00
      0.491    26.4285    26.4349     99.270 102.118929      0.698     4.6061     57.230    8.04835    8.02825 3.0788e+01     1.2245     1.7652    64.3198   996.7118  0.000e+00
      0.492    26.4305    26.4368     99.118 101.966226      0.699     4.6096     57.275    8.04807    8.02797 3.1408e+01     1.2944     1.7504    64.5582   996.7112  0.000e+00
      0.490    26.4312    26.4375     98.938 101.782984      0.696     4.5933     57.073    8.04797    8.02788 3.0340e+01     1.3919     1.7576    64.4427   996.7109  0.000e+00
      0.493    26.4300    26.4363     99.030 101.874605      0.701     4.5893     57.024    8.04814    8.02805 3.0718e+01     1.4534     1.7590    64.4205   996.7113  0.000e+00
      0.493    26.4278    26.4342     99.034 101.874606      0.701     4.5850     56.967    8.04846    8.02836 3.0326e+01     1.5128     1.7585    64.4279   996.7119  0.000e+00
      0.494    26.4262    26.4325     99.126 101.966227      0.702     4.5776     56.874    8.04870    8.02860 3.0015e+01     1.5340     1.7736    64.1851   996.7124  0.000e+00
      0.496    26.4257    26.4320     99.187 102.027309      0.706     4.5740     56.829    8.04877    8.02867 3.0682e+01     1.2520     1.7533    64.5123   996.7125  0.000e+00
      0.494    26.4270    26.4333     99.362 102.210552      0.702     4.5653     56.721    8.04858    8.02848 3.1221e+01     1.6082     1.7507    64.5538   996.7122  0.000e+00
      0.494    26.4293    26.4356     99.209 102.057848      0.703     4.5612     56.673    8.04824    8.02814 3.2018e+01     1.3877     1.7417    64.6989   996.7116  0.000e+00
      0.496    26.4310    26.4373     99.117 101.966226      0.706     4.5561     56.612    8.04800    8.02790 3.1646e+01     1.4047     1.7685    64.2665   996.7111  0.000e+00
      0.494    26.4308    26.4371     99.028 101.874605      0.702     4.5529     56.572    8.04803    8.02793 3.1437e+01     1.5403     1.7545    64.4931   996.7111  0.000e+00
      0.495    26.4289    26.4353     99.032 101.874605      0.704     4.5514     56.551    8.04830    8.02820 3.0965e+01     0.9616     1.7635    64.3480   996.7116  0.000e+00
      0.494    26.4263    26.4326     99.126 101.966227      0.702     4.5447     56.466    8.04868    8.02858 3.0852e+01     0.8450     1.7705    64.2354   996.7123  0.000e+00
      0.496    26.4256    26.4319     99.187 102.027309      0.706     4.5399     56.405    8.04878    8.02868 3.3108e+01     0.8577     1.7636    64.3465   996.7126  0.000e+00
      0.497    26.4261    26.4324     99.186 102.027308      0.707     4.5325     56.314    8.04871    8.02861 3.2949e+01     0.7751     1.7718    64.2147   996.7124  0.000e+00
      0.497    26.4275    26.4339     99.124 101.966227      0.707     4.5280     56.259    8.04850    8.02840 3.1365e+01     0.8132     1.7562    64.4649   996.7120  0.000e+00
      0.498    26.4287    26.4351     99.032 101.874606      0.709     4.5210     56.174    8.04833    8.02823 3.2417e+01     1.1079     1.7577    64.4412   996.7117  0.000e+00
      0.497    26.4291    26.4355     99.121 101.966227      0.707     4.5184     56.141    8.04827    8.02817 3.1960e+01     1.0549     1.7693    64.2547   996.7116  0.000e+00
      0.494    26.4288    26.4352     99.032 101.874606      0.702     4.5083     56.016    8.04831    8.02822 3.3481e+01     1.2732     1.7745    64.1703   996.7116  0.000e+00
      0.493    26.4288    26.4352     99.121 101.966227      0.701     4.5009     55.923    8.04831    8.02821 3.1887e+01     0.7051     1.7593    64.4146   996.7117  0.000e+00
      0.490    26.4295    26.4358     99.031 101.874605      0.698     4.4982     55.891    8.04821    8.02812 3.3146e+01     0.7242     1.7545    64.4931   996.7114  0.000e+00
      0.491    26.4295    26.4358     98.942 101.782985      0.698     4.4913     55.806    8.04822    8.02812 3.2165e+01     1.4958     1.7646    64.3302   996.7114  0.000e+00
      0.496    26.4292    26.4355     98.853 101.691364      0.705     4.4839     55.713    8.04826    8.02816 3.2306e+01     1.1651     1.7423    64.6885   996.7115  0.000e+00
      0.498    26.4271    26.4334     98.798 101.630285      0.709     4.4776     55.633    8.04857    8.02848 3.2836e+01     1.3347     1.7753    64.1584   996.7120  0.000e+00
      0.498    26.3761    26.3824     93.042  95.614834      0.709     4.4827     55.644    8.05611    8.03603 3.3697e+01     1.7184     1.7597    64.4087   996.7239  0.000e+00
      0.496    25.8593    25.8655     93.418  95.034917      0.705     4.6229     56.848    8.13197    8.11208 3.3108e+01     1.3495     1.7493    64.5760   996.8619  0.000e+00
      0.495    25.2781    25.2842     94.619  95.157217      0.704     5.3146     64.664    8.21878    8.19912 3.3720e+01     1.4916     1.7341    64.8218   997.0143  0.000e+00
      0.495    24.9458    24.9518     95.127  95.035199      0.704     6.3711     77.046    8.26917    8.24967 3.4407e+01     1.7163     1.7384    64.7522   997.1001  0.000e+00
      0.495    24.7881    24.7941     95.428  95.035248      0.704     7.4378     89.685    8.29326    8.27384 3.4391e+01     2.5070     1.7528    64.5197   997.1404  0.000e+00
      0.495    24.7138    24.7197     95.571  95.035271      0.704     8.3951    101.088    8.30466    8.28528 3.4771e+01     2.3120     1.7702    64.2399   997.1593  0.000e+00
      0.495    24.6809    24.6868     95.542  94.943691      0.704     9.1735    110.395    8.30972    8.29036 3.5930e+01     1.9898     1.7491    64.5789   997.1676  0.000e+00
      0.493    24.6663    24.6722     95.662  95.035285      0.701     9.7387    117.165    8.31196    8.29260 3.3875e+01     2.1848     1.7557    64.4723   997.1713  0.000e+00
      0.489    24.6566    24.6625     95.681  95.035288      0.696    10.0766    121.209    8.31345    8.29410 3.6527e+01     2.9416     1.7529    64.5182   997.1738  0.000e+00
      0.491    24.6500    24.6559     95.786  95.126881      0.699    10.1658    122.267    8.31447    8.29512 3.6194e+01     2.7105     1.7355    64.7995   997.1755  0.000e+00
