data/ctd_cnv_files/2024.02.24 Okaro 2 144.cnv
* Sea-Bird SBE19plus Data File:
* FileName = C:\Users\instrument\Desktop\Iola Rosa. CTD Casts\February 2024\Feb144.hex
* Software Version 1.59
* Temperature SN =  4268
* Conductivity SN =  4268
* System UpLoad Time = Feb 26 2024 14:00:28
* ds
* SeacatPlus V 1.6  SERIAL NO. 4268    26 Feb 2024  13:53:56
# nquan = 16
# nvalues = 841                                   
# units = specified
# name 0 = depFM: Depth [fresh water, m]
# name 1 = tv290C: Temperature [ITS-90, deg C]
# name 2 = tv268C: Temperature [IPTS-68, deg C]
# name 3 = specc: Specific Conductance [uS/cm]
# name 4 = c0uS/cm: Conductivity [uS/cm]
# name 5 = prdE: Pressure, Strain Gauge [psi]
# name 6 = sbeox0Mg/L: Oxygen, SBE 43 [mg/l]
# name 7 = sbeox0PS: Oxygen, SBE 43 [% saturation]
# name 8 = oxsolMg/L: Oxygen Saturation, Garcia & Gordon [mg/l]
# name 9 = oxsatMg/L: Oxygen Saturation, Weiss [mg/l]
# name 10 = par: PAR/Irradiance, Biospherical/Licor
# name 11 = flCM: Fluorescence, Chelsea Mini Chl Con [ug/l]
# name 12 = bat: Beam Attenuation, Chelsea/Seatech [1/m]
# name 13 = xmiss: Beam Transmission, Chelsea/Seatech [%]
# name 14 = density00: Density [density, kg/m^3]
# name 15 = flag:  0.000e+00
# span 0 =     -0.638,     14.916                 
# span 1 =     9.8431,    23.2107                 
# span 2 =     9.8455,    23.2163                 
# span 3 =     -1.528,    207.721                 
# span 4 =  -1.451909, 197.449371                 
# span 5 =     -0.908,     21.215                 
# span 6 =    -0.2457,     9.6045                 
# span 7 =     -2.393,    112.445                 
# span 8 =    8.54138,   11.32645                 
# span 9 =    8.52286,   11.31537                 
# span 10 = 1.3056e-01, 3.1487e+02                
# span 11 =    -0.3612,    41.9901                
# span 12 =     1.2553,    15.2000                
# span 13 =     2.2371,    73.0644                
# span 14 =   997.5281,   999.8237                
# span 15 = 0.0000e+00, 0.0000e+00                
# interval = seconds: 0.25
# start_time = Feb 22 2024 12:57:07 [Instrument's time stamp, header]
# bad_flag = -9.990e-29
*END*
[from data line 181]
     -0.003    23.1078    23.1134    100.190  96.409671     -0.005     5.1826     60.559    8.55796    8.53950 1.1934e+02     2.5261     1.8119    63.5736   997.5534  0.000e+00
     -0.003    23.1073    23.1128    100.223  96.440203     -0.005     5.1724     60.439    8.55804    8.53959 1.4621e+02     2.4583     1.8132    63.5529   997.5535  0.000e+00
     -0.001    23.1069    23.1124    100.224  96.440203     -0.002     5.1569     60.257    8.55811    8.53966 1.1314e+02     2.4116     1.7959    63.8283   997.5536  0.000e+00
     -0.000    23.1062    23.1117    100.320  96.531801     -0.000     5.1474     60.145    8.55822    8.53977 1.4078e+02     2.4477     1.7758    64.1495   997.5538  0.000e+00
     -0.002    23.1055    23.1110    100.481  96.684464     -0.003     5.1386     60.042    8.55833    8.53988 1.2097e+02     2.4095     1.8873    62.3861   997.5540  0.000e+00
     -0.001    23.1050    23.1106    100.831  97.020328     -0.002     5.1305     59.947    8.55840    8.53994 1.4091e+02     2.4286     1.7925    63.8830   997.5543  0.000e+00
     -0.003    23.1051    23.1107    100.830  97.020327     -0.005     5.1241     59.872    8.55838    8.53993 1.3612e+02     2.4561     1.7920    63.8904   997.5542  0.000e+00
     -0.004    23.1053    23.1108    100.893  97.081394     -0.006     5.1080     59.685    8.55835    8.53990 1.4504e+02     2.4689     1.7900    63.9230   997.5542  0.000e+00
     -0.003    23.1050    23.1106    100.735  96.928728     -0.005     5.0953     59.536    8.55840    8.53995 1.3516e+02     2.5070     1.7883    63.9497   997.5542  0.000e+00
     -0.003    23.1049    23.1104    101.243  97.417264     -0.005     5.0830     59.391    8.55841    8.53996 1.3279e+02     2.4816     1.7914    63.9008   997.5544  0.000e+00
     -0.004    23.1047    23.1102    101.149  97.325663     -0.006     5.0691     59.229    8.55844    8.53999 1.3264e+02     2.4985     1.7898    63.9260   997.5544  0.000e+00
     -0.003    23.1047    23.1102    101.244  97.417264     -0.005     5.0529     59.040    8.55844    8.53999 1.3310e+02     2.5791     1.7868    63.9734   997.5545  0.000e+00
     -0.002    23.1049    23.1104    100.990  97.172994     -0.003     5.0422     58.915    8.55842    8.53997 1.2934e+02     2.6490     1.7909    63.9082   997.5544  0.000e+00
     -0.003    23.1044    23.1100    101.340  97.508866     -0.005     5.0298     58.770    8.55848    8.54003 1.2391e+02     2.5536     1.8057    63.6713   997.5546  0.000e+00
     -0.006    23.1039    23.1094    101.436  97.600468     -0.008     5.0179     58.630    8.55857    8.54012 1.3420e+02     2.5218     1.7986    63.7853   997.5547  0.000e+00
     -0.004    23.1035    23.1091    101.500  97.661537     -0.006     5.0110     58.549    8.55862    8.54017 1.2377e+02     2.4604     1.7865    63.9778   997.5548  0.000e+00
     -0.008    23.1036    23.1092    101.690  97.844743     -0.011     5.0059     58.489    8.55860    8.54015 1.3420e+02     2.4816     1.8580    62.8451   997.5549  0.000e+00
     -0.004    23.1036    23.1092    101.690  97.844743     -0.006     4.9937     58.347    8.55860    8.54015 1.3880e+02     2.6278     1.8141    63.5380   997.5549  0.000e+00
     -0.004    23.1035    23.1091    101.564  97.722605     -0.006     4.9876     58.275    8.55862    8.54017 1.2250e+02     2.6024     1.7949    63.8445   997.5549  0.000e+00
     -0.006    23.1030    23.1086    101.501  97.661537     -0.008     4.9744     58.121    8.55871    8.54026 1.3861e+02     2.5854     1.8039    63.7009   997.5550  0.000e+00
     -0.003    23.1027    23.1082    101.502  97.661537     -0.005     4.9662     58.025    8.55876    8.54031 1.4182e+02     2.5070     1.7916    63.8964   997.5550  0.000e+00
     -0.007    23.1023    23.1079    101.503  97.661537     -0.009     4.9612     57.965    8.55882    8.54037 1.2377e+02     2.5473     1.8146    63.5306   997.5551  0.000e+00
     -0.003    23.1023    23.1079    101.693  97.844743     -0.005     4.9552     57.895    8.55882    8.54037 1.2225e+02     2.5579     1.7950    63.8431   997.5552  0.000e+00
     -0.004    23.1019    23.1074    101.504  97.661537     -0.006     4.9467     57.796    8.55889    8.54044 1.2952e+02     2.5642     1.7934    63.8682   997.5552  0.000e+00
     -0.003    23.1014    23.1069    101.600  97.753140     -0.005     4.9418     57.738    8.55897    8.54053 1.4411e+02     2.5770     1.8180    63.4759   997.5554  0.000e+00
     -0.007    23.1007    23.1063    101.760  97.905813     -0.009     4.9346     57.654    8.55907    8.54062 1.2563e+02     2.5536     1.8025    63.7231   997.5556  0.000e+00
     -0.003    23.1004    23.1059    101.761  97.905813     -0.005     4.9268     57.562    8.55913    8.54068 1.2731e+02     2.4413     1.7990    63.7794   997.5557  0.000e+00
     -0.007    23.1002    23.1058    101.761  97.905813     -0.009     4.9251     57.542    8.55915    8.54071 1.2349e+02     2.3925     1.7925    63.8830   997.5557  0.000e+00
     -0.004    23.0999    23.1054    101.762  97.905813     -0.006     4.9146     57.418    8.55921    8.54076 1.3715e+02     2.3056     1.8060    63.6669   997.5558  0.000e+00
     -0.004    23.0996    23.1051    101.858  97.997417     -0.006     4.9076     57.337    8.55925    8.54081 1.3276e+02     2.4286     1.7992    63.7749   997.5559  0.000e+00
     -0.003    23.0993    23.1048    102.112  98.241697     -0.005     4.9080     57.341    8.55930    8.54086 1.2394e+02     2.4625     1.7802    64.0800   997.5561  0.000e+00
     -0.004    23.0989    23.1044    101.954  98.089022     -0.006     4.9023     57.274    8.55936    8.54092 1.5885e+02     2.4689     1.7884    63.9482   997.5561  0.000e+00
     -0.003    23.0990    23.1045    102.113  98.241697     -0.005     4.8925     57.159    8.55935    8.54090 1.4514e+02     2.5049     1.7909    63.9082   997.5561  0.000e+00
     -0.001    23.0988    23.1044    102.621  98.730265     -0.002     4.8861     57.085    8.55936    8.54092 1.3870e+02     2.4816     1.7991    63.7779   997.5564  0.000e+00
     -0.000    23.0989    23.1044    102.621  98.730265     -0.000     4.8814     57.030    8.55935    8.54090 1.5704e+02     2.4816     1.8013    63.7424   997.5563  0.000e+00
      0.002    23.0986    23.1042    102.113  98.241697      0.003     4.8724     56.925    8.55940    8.54096 1.3445e+02     2.5049     1.8144    63.5336   997.5562  0.000e+00
      0.008    23.0983    23.1038    101.892  98.027953      0.011     4.8627     56.811    8.55946    8.54102 1.2772e+02     2.4773     1.8113    63.5825   997.5563  0.000e+00
      0.016    23.0980    23.1036    101.766  97.905814      0.023     4.8554     56.725    8.55951    8.54106 1.2440e+02     2.4710     1.8042    63.6965   997.5563  0.000e+00
      0.020    23.0977    23.1032    102.020  98.150092      0.028     4.8486     56.646    8.55956    8.54111 1.3956e+02     2.4858     1.7927    63.8801   997.5565  0.000e+00
      0.025    23.0970    23.1025    102.022  98.150093      0.036     4.8494     56.654    8.55967    8.54123 1.3693e+02     2.5240     1.7753    64.1584   997.5567  0.000e+00
      0.026    23.0963    23.1018    102.309  98.424910      0.037     4.8483     56.640    8.55978    8.54134 1.3778e+02     2.5558     1.7970    63.8105   997.5570  0.000e+00
      0.031    23.0957    23.1012    102.025  98.150093      0.044     4.8509     56.670    8.55989    8.54144 1.2763e+02     2.5600     1.7939    63.8608   997.5570  0.000e+00
      0.037    23.0954    23.1009    102.311  98.424910      0.053     4.8499     56.658    8.55992    8.54148 1.4120e+02     2.6300     1.7814    64.0592   997.5572  0.000e+00
      0.042    23.0950    23.1006    101.772  97.905815      0.059     4.8545     56.711    8.55999    8.54155 1.2993e+02     2.7741     1.8048    63.6861   997.5571  0.000e+00
      0.041    23.0948    23.1003    103.487  99.554751      0.058     4.8540     56.706    8.56000    8.54155 1.4688e+02     2.7466     1.7867    63.9748   997.5578  0.000e+00
      0.035    23.0944    23.1000    105.551 101.539761      0.050     4.8508     56.668    8.56001    8.54156 1.1926e+02     2.6766     1.7783    64.1096   997.5586  0.000e+00
      0.030    23.0952    23.1008    107.359 103.280622      0.042     4.8434     56.583    8.55984    8.54140 1.4257e+02     2.6384     1.7865    63.9778   997.5590  0.000e+00
      0.032    23.0961    23.1016    106.245 102.211654      0.045     4.8312     56.441    8.55972    8.54128 1.3356e+02     2.5558     1.7917    63.8949   997.5584  0.000e+00
      0.035    23.0964    23.1019    104.277 100.318193      0.050     4.8170     56.275    8.55972    8.54128 1.2860e+02     2.4625     1.7790    64.0977   997.5577  0.000e+00
      0.043    23.0961    23.1016    102.563  98.669194      0.061     4.7970     56.041    8.55980    8.54136 1.4124e+02     2.4477     1.7761    64.1451   997.5572  0.000e+00
      0.053    23.0950    23.1005    103.486  99.554751      0.075     4.7888     55.944    8.55997    8.54152 1.2332e+02     2.4943     1.7951    63.8416   997.5578  0.000e+00
      0.053    23.0943    23.0999    106.059 102.028409      0.075     4.7822     55.867    8.56001    8.54157 1.4260e+02     2.5812     1.8193    63.4566   997.5588  0.000e+00
      0.050    23.0936    23.0992    107.775 103.677683      0.072     4.7871     55.924    8.56009    8.54164 1.1213e+02     2.5240     1.7928    63.8771   997.5596  0.000e+00
      0.056    23.0934    23.0989    105.902 101.875706      0.080     4.7918     55.978    8.56017    8.54173 1.3959e+02     2.4964     1.8073    63.6461   997.5590  0.000e+00
      0.060    23.0929    23.0985    105.935 101.906246      0.086     4.7841     55.887    8.56024    8.54180 1.2664e+02     2.5621     1.7853    63.9970   997.5592  0.000e+00
      0.065    23.0922    23.0977    107.778 103.677683      0.092     4.7859     55.908    8.56033    8.54188 1.3472e+02     2.5833     1.7874    63.9645   997.5600  0.000e+00
      0.069    23.0909    23.0965    106.257 102.211656      0.098     4.7804     55.843    8.56056    8.54212 1.3383e+02     2.6766     1.8150    63.5247   997.5598  0.000e+00
      0.077    23.0897    23.0953    106.672 102.608695      0.109     4.7775     55.807    8.56075    8.54231 1.3273e+02     2.6490     1.8060    63.6669   997.5602  0.000e+00
      0.079    23.0886    23.0941    106.262 102.211657      0.112     4.7659     55.670    8.56094    8.54250 1.3020e+02     2.5176     1.7871    63.9689   997.5604  0.000e+00
      0.083    23.0874    23.0929    107.535 103.433340      0.119     4.7562     55.555    8.56111    8.54267 1.3071e+02     2.4710     1.7763    64.1421   997.5611  0.000e+00
      0.086    23.0860    23.0916    109.602 105.418732      0.122     4.7463     55.439    8.56128    8.54284 1.3104e+02     2.5324     1.7983    63.7898   997.5622  0.000e+00
      0.082    23.0835    23.0890    112.689 108.381911      0.117     4.7349     55.304    8.56162    8.54319 1.3469e+02     2.5452     1.7897    63.9275   997.5638  0.000e+00
      0.080    23.0781    23.0836    113.464 109.115138      0.114     4.7269     55.205    8.56249    8.54405 1.4049e+02     2.5706     1.7778    64.1185   997.5654  0.000e+00
      0.080    23.0721    23.0777    113.986 109.603971      0.114     4.7133     55.040    8.56344    8.54501 1.2309e+02     2.7211     1.7849    64.0044   997.5670  0.000e+00
      0.082    23.0673    23.0729    113.934 109.542868      0.117     4.7002     54.881    8.56422    8.54579 1.4260e+02     2.7487     1.7952    63.8401   997.5681  0.000e+00
      0.082    23.0627    23.0682    113.755 109.359558      0.117     4.6862     54.713    8.56498    8.54655 1.2996e+02     2.7402     1.7825    64.0429   997.5691  0.000e+00
      0.085    23.0587    23.0642    114.718 110.276139      0.120     4.6715     54.538    8.56561    8.54719 1.2534e+02     2.7232     1.7882    63.9511   997.5704  0.000e+00
      0.085    23.0543    23.0598    116.190 111.681643      0.120     4.6630     54.434    8.56628    8.54786 1.3056e+02     2.7338     1.7801    64.0814   997.5720  0.000e+00
      0.082    23.0459    23.0514    117.069 112.506661      0.117     4.6570     54.356    8.56763    8.54921 1.3778e+02     2.7084     1.7890    63.9378   997.5743  0.000e+00
      0.079    23.0346    23.0402    117.701 113.087251      0.112     4.6482     54.242    8.56944    8.55104 1.3053e+02     2.7444     1.7864    63.9808   997.5771  0.000e+00
      0.078    23.0243    23.0299    117.217 112.598339      0.111     4.6388     54.121    8.57113    8.55273 1.3915e+02     2.6957     1.8105    63.5958   997.5794  0.000e+00
      0.080    23.0175    23.0231    115.834 111.253884      0.114     4.6347     54.067    8.57226    8.55387 1.3581e+02     2.7720     1.7951    63.8416   997.5805  0.000e+00
      0.086    23.0153    23.0209    115.680 111.101112      0.122     4.6333     54.048    8.57262    8.55423 1.2863e+02     2.7678     1.7883    63.9497   997.5810  0.000e+00
      0.083    23.0157    23.0212    116.888 112.262220      0.119     4.6358     54.077    8.57254    8.55415 1.4267e+02     2.6787     1.7838    64.0222   997.5814  0.000e+00
      0.083    23.0150    23.0205    117.844 113.178932      0.119     4.6331     54.045    8.57263    8.55424 1.3038e+02     2.6575     1.7971    63.8090   997.5819  0.000e+00
      0.081    23.0122    23.0177    119.315 114.584638      0.116     4.6327     54.038    8.57305    8.55466 1.2746e+02     2.6448     1.8153    63.5188   997.5830  0.000e+00
      0.080    23.0078    23.0134    120.440 115.654264      0.114     4.6358     54.070    8.57374    8.55535 1.4728e+02     2.5939     1.8108    63.5914   997.5844  0.000e+00
      0.079    23.0041    23.0096    117.871 113.178935      0.112     4.6385     54.097    8.57440    8.55602 1.1959e+02     2.6321     1.7923    63.8860   997.5844  0.000e+00
      0.083    23.0050    23.0105    100.596  96.592899      0.119     4.6493     54.222    8.57465    8.55626 1.3182e+02     2.5918     1.7806    64.0726   997.5783  0.000e+00
      0.085    23.0540    23.0596     98.269  94.455713      0.120     4.7041     54.911    8.56672    8.54831 1.3982e+02     2.6639     1.7957    63.8312   997.5659  0.000e+00
      0.087    23.1238    23.1293     97.778  94.119871      0.123     5.0704     59.265    8.55543    8.53696 1.3080e+02     2.6639     1.7808    64.0696   997.5492  0.000e+00
      0.085    23.1669    23.1725     97.532  93.967214      0.120     5.8089     67.953    8.54845    8.52996 1.3772e+02     2.6215     1.7876    63.9600   997.5388  0.000e+00
      0.085    23.1896    23.1952     97.486  93.967208      0.120     6.7156     78.593    8.54478    8.52627 1.3838e+02     2.6893     1.7790    64.0977   997.5333  0.000e+00
      0.083    23.2000    23.2055     97.465  93.967204      0.119     7.5941     88.891    8.54310    8.52459 1.2253e+02     2.6766     1.7795    64.0903   997.5309  0.000e+00
      0.083    23.2044    23.2099     97.298  93.814560      0.119     8.3653     97.927    8.54240    8.52388 1.5149e+02     2.5939     1.7797    64.0874   997.5298  0.000e+00
      0.081    23.2068    23.2124     97.293  93.814560      0.116     8.9857    105.194    8.54200    8.52349 1.3185e+02     2.7402     1.7874    63.9645   997.5292  0.000e+00
      0.086    23.2084    23.2140     97.290  93.814559      0.122     9.4079    110.140    8.54175    8.52323 1.3482e+02     2.7550     1.8002    63.7601   997.5288  0.000e+00
      0.083    23.2096    23.2152     97.256  93.784030      0.119     9.6045    112.445    8.54155    8.52303 1.4428e+02     2.6151     1.7942    63.8549   997.5285  0.000e+00
      0.085    23.2103    23.2158     97.191  93.722974      0.120     9.5875    112.246    8.54145    8.52293 1.3889e+02     2.6130     1.7939    63.8608   997.5283  0.000e+00
      0.085    23.2099    23.2155     97.287  93.814559      0.120     9.4288    110.388    8.54150    8.52299 1.4571e+02     2.6321     1.8308    63.2745   997.5284  0.000e+00
