data/ctd_cnv_files/2024.02.09 Okaro 1 134.cnv
* Sea-Bird SBE19plus Data File:
* FileName = C:\Users\instrument\Desktop\Iola Rosa. CTD Casts\February 2024\Feb134.hex
* Software Version 1.59
* Temperature SN =  4268
* Conductivity SN =  4268
* System UpLoad Time = Feb 26 2024 13:52:23
* ds
* SeacatPlus V 1.6  SERIAL NO. 4268    26 Feb 2024  13:53:56
# nquan = 16
# nvalues = 580                                   
# units = specified
# name 0 = depFM: Depth [fresh water, m]
# name 1 = tv290C: Temperature [ITS-90, deg C]
# name 2 = tv268C: Temperature [IPTS-68, deg C]
# name 3 = specc: Specific Conductance [uS/cm]
# name 4 = c0uS/cm: Conductivity [uS/cm]
# name 5 = prdE: Pressure, Strain Gauge [psi]
# name 6 = sbeox0Mg/L: Oxygen, SBE 43 [mg/l]
# name 7 = sbeox0PS: Oxygen, SBE 43 [% saturation]
# name 8 = oxsolMg/L: Oxygen Saturation, Garcia & Gordon [mg/l]
# name 9 = oxsatMg/L: Oxygen Saturation, Weiss [mg/l]
# name 10 = par: PAR/Irradiance, Biospherical/Licor
# name 11 = flCM: Fluorescence, Chelsea Mini Chl Con [ug/l]
# name 12 = bat: Beam Attenuation, Chelsea/Seatech [1/m]
# name 13 = xmiss: Beam Transmission, Chelsea/Seatech [%]
# name 14 = density00: Density [density, kg/m^3]
# name 15 = flag:  0.000e+00
# span 0 =     -0.703,     16.017                 
# span 1 =     9.7894,    23.9626                 
# span 2 =     9.7918,    23.9684                 
# span 3 =      1.563,    265.511                 
# span 4 =   1.525912, 184.849615                 
# span 5 =     -1.000,     22.781                 
# span 6 =    -0.7182,     8.4958                 
# span 7 =     -6.946,    100.701                 
# span 8 =    8.42147,   11.34080                 
# span 9 =    8.40250,   11.32973                 
# span 10 = 1.0992e-01, 1.0837e+02                
# span 11 =    -0.3612,    30.2543                
# span 12 =     1.1655,     4.5664                
# span 13 =    31.9311,    74.7242                
# span 14 =   997.3447,   999.8917                
# span 15 = 0.0000e+00, 0.0000e+00                
# interval = seconds: 0.25
# start_time = Feb 09 2024 09:02:10 [Instrument's time stamp, header]
# bad_flag = -9.990e-29
*END*
     -0.703    23.7408    23.7465      4.776   4.656137     -1.000     7.6864     90.873    8.45837    8.43953 1.0837e+02     0.5143     1.1655    74.7242   997.3677  0.000e+00
     -0.686    23.7397    23.7454      3.311   3.227722     -0.976     7.6883     90.894    8.45856    8.43972 7.9773e+01     0.4507     4.5664    31.9311   997.3678  0.000e+00
     -0.642    23.7414    23.7471      3.311   3.227722     -0.914     7.6893     90.908    8.45829    8.43945 3.2011e+01    -0.3612     2.6628    51.3910   997.3676  0.000e+00
     -0.591    23.7733    23.7790      3.495   3.410067     -0.840     7.6806     90.860    8.45323    8.43437 2.2716e+01    -0.3612     1.9471    61.4607   997.3600  0.000e+00
     -0.558    23.8007    23.8064      3.649   3.562022     -0.793     7.6848     90.956    8.44888    8.43001 1.6768e+01    -0.3612     1.6565    66.0921   997.3535  0.000e+00
     -0.569    23.8077    23.8134      3.151   3.075768     -0.809     7.7009     91.159    8.44778    8.42890 1.5729e+01    -0.3612     1.5956    67.1064   997.3517  0.000e+00
     -0.617    23.8091    23.8148      2.497   2.437577     -0.878     7.7210     91.399    8.44756    8.42868 1.4918e+01     0.5291     1.5903    67.1952   997.3510  0.000e+00
     -0.626    23.8195    23.8252      1.563   1.525912     -0.890     7.7357     91.591    8.44592    8.42704 1.7912e+01     1.2817     1.5877    67.2381   997.3483  0.000e+00
     -0.583    23.8245    23.8303      1.656   1.617077     -0.829     7.7474     91.738    8.44513    8.42624 2.8324e+01     1.5764     1.6719    65.8375   997.3473  0.000e+00
     -0.536    23.8306    23.8363     52.868  51.637931     -0.762     7.7491     91.778    8.44324    8.42435 6.0776e+01     2.0449     1.7244    64.9787   997.3607  0.000e+00
     -0.490    23.8495    23.8552     96.856  94.638641     -0.696     7.7483     91.812    8.43932    8.42041 6.1112e+01     2.1699     1.7407    64.7151   997.3709  0.000e+00
     -0.451    23.8870    23.8927     96.782  94.638629     -0.642     7.7404     91.783    8.43339    8.41447 6.2902e+01     2.4413     1.6801    65.7027   997.3618  0.000e+00
     -0.425    23.9141    23.9199     96.635  94.547033     -0.604     7.7344     91.758    8.42911    8.41017 6.4419e+01     2.8398     1.6445    66.2905   997.3552  0.000e+00
     -0.416    23.9291    23.9348     96.699  94.638617     -0.592     7.7103     91.497    8.42676    8.40781 6.4715e+01     3.0645     1.6166    66.7540   997.3516  0.000e+00
     -0.418    23.9382    23.9439     96.681  94.638614     -0.595     7.6744     91.087    8.42533    8.40637 6.6855e+01     3.2172     1.6075    66.9065   997.3494  0.000e+00
     -0.428    23.9429    23.9487     96.578  94.547024     -0.609     7.5971     90.177    8.42458    8.40562 6.6962e+01     3.2257     1.6197    66.7022   997.3481  0.000e+00
     -0.437    23.9448    23.9506     96.574  94.547023     -0.621     7.5121     89.172    8.42428    8.40532 7.0118e+01     3.2193     1.6301    66.5289   997.3476  0.000e+00
     -0.442    23.9451    23.9508     96.667  94.638612     -0.629     7.4755     88.738    8.42424    8.40527 7.3710e+01     3.2956     1.6165    66.7555   997.3476  0.000e+00
     -0.441    23.9450    23.9507     96.574  94.547023     -0.628     7.4549     88.493    8.42425    8.40529 7.8020e+01     3.3571     1.6123    66.8265   997.3476  0.000e+00
     -0.431    23.9445    23.9503     96.668  94.638612     -0.614     7.4177     88.050    8.42432    8.40536 8.5254e+01     3.3931     1.6016    67.0057   997.3477  0.000e+00
     -0.416    23.9444    23.9502     96.575  94.547023     -0.592     7.3582     87.344    8.42434    8.40538 9.2882e+01     3.3995     1.6023    66.9938   997.3478  0.000e+00
     -0.398    23.9448    23.9506     96.668  94.638612     -0.567     7.2764     86.374    8.42428    8.40532 9.6417e+01     3.4864     1.6147    66.7865   997.3478  0.000e+00
     -0.385    23.9444    23.9502     96.575  94.547024     -0.548     7.1875     85.319    8.42434    8.40538 9.9332e+01     3.4716     1.6093    66.8769   997.3479  0.000e+00
     -0.380    23.9444    23.9502     96.575  94.547024     -0.540     7.0946     84.216    8.42434    8.40538 9.8539e+01     3.5458     1.6045    66.9568   997.3480  0.000e+00
     -0.381    23.9445    23.9503     96.575  94.547024     -0.542     6.9784     82.836    8.42432    8.40536 9.6816e+01     3.4143     1.6035    66.9731   997.3479  0.000e+00
     -0.391    23.9444    23.9502     96.544  94.516494     -0.556     6.8470     81.277    8.42434    8.40538 9.6263e+01     3.3359     1.5919    67.1671   997.3479  0.000e+00
     -0.396    23.9434    23.9491     96.577  94.547024     -0.564     6.7292     79.876    8.42451    8.40555 9.4840e+01     3.2193     1.5961    67.0975   997.3482  0.000e+00
     -0.385    23.9426    23.9484     96.672  94.638613     -0.548     6.6503     78.939    8.42462    8.40566 9.6616e+01     3.1387     1.6097    66.8695   997.3484  0.000e+00
     -0.376    23.9395    23.9452     96.584  94.547025     -0.535     6.6076     78.428    8.42512    8.40616 9.9150e+01     3.1705     1.6154    66.7747   997.3492  0.000e+00
     -0.363    23.9318    23.9375     96.506  94.455440     -0.517     6.5648     77.908    8.42634    8.40738 1.0087e+02     3.2808     1.6152    66.7777   997.3511  0.000e+00
     -0.348    23.9265    23.9323     96.610  94.547030     -0.495     6.5332     77.526    8.42716    8.40821 1.0119e+02     3.2829     1.6167    66.7525   997.3525  0.000e+00
     -0.340    23.9238    23.9296     96.522  94.455442     -0.484     6.5367     77.563    8.42759    8.40864 1.0229e+02     3.2977     1.6088    66.8843   997.3532  0.000e+00
     -0.309    23.9220    23.9277     96.619  94.547031     -0.440     6.5811     78.087    8.42788    8.40893 9.3352e+01     3.2765     1.6119    66.8324   997.3538  0.000e+00
     -0.266    23.9219    23.9276     96.619  94.547032     -0.378     6.6339     78.713    8.42790    8.40895 9.5910e+01     3.2299     1.6056    66.9376   997.3540  0.000e+00
     -0.250    23.9226    23.9283     96.618  94.547032     -0.356     6.6739     79.190    8.42778    8.40883 9.5166e+01     3.2617     1.6088    66.8843   997.3539  0.000e+00
     -0.247    23.9239    23.9297     96.615  94.547031     -0.351     6.6870     79.347    8.42757    8.40862 9.3545e+01     3.2002     1.5958    67.1019   997.3536  0.000e+00
     -0.250    23.9274    23.9332     96.702  94.638619     -0.356     6.6692     79.141    8.42701    8.40806 9.0363e+01     3.2638     1.6178    66.7347   997.3528  0.000e+00
     -0.256    23.9340    23.9398     96.595  94.547028     -0.364     6.6421     78.829    8.42598    8.40703 8.7751e+01     3.1727     1.6114    66.8413   997.3511  0.000e+00
     -0.267    23.9395    23.9452     96.678  94.638615     -0.379     6.6278     78.667    8.42511    8.40616 8.8803e+01     3.1748     1.6125    66.8236   997.3497  0.000e+00
     -0.272    23.9433    23.9490     96.577  94.547025     -0.387     6.6270     78.664    8.42452    8.40556 8.7772e+01     3.3359     1.6097    66.8695   997.3487  0.000e+00
     -0.259    23.9454    23.9512     96.479  94.455436     -0.368     6.6327     78.734    8.42418    8.40522 8.9477e+01     3.3634     1.6011    67.0131   997.3482  0.000e+00
     -0.257    23.9459    23.9516     96.572  94.547024     -0.365     6.6374     78.790    8.42411    8.40515 9.0260e+01     3.2341     1.6196    66.7051   997.3482  0.000e+00
     -0.267    23.9425    23.9482     96.579  94.547025     -0.379     6.6369     78.779    8.42465    8.40569 9.0260e+01     3.1154     1.6198    66.7007   997.3490  0.000e+00
     -0.268    23.9347    23.9405     96.594  94.547028     -0.381     6.6453     78.868    8.42587    8.40691 9.1070e+01     3.1811     1.6096    66.8709   997.3509  0.000e+00
     -0.273    23.9287    23.9344     96.575  94.516500     -0.389     6.6571     78.998    8.42682    8.40787 8.7110e+01     3.1811     1.6040    66.9642   997.3523  0.000e+00
     -0.266    23.9270    23.9327     96.516  94.455442     -0.378     6.6700     79.150    8.42709    8.40814 9.1405e+01     3.2193     1.6073    66.9094   997.3527  0.000e+00
     -0.260    23.9298    23.9355     96.604  94.547029     -0.370     6.6823     79.300    8.42665    8.40769 9.3824e+01     3.0751     1.6070    66.9154   997.3521  0.000e+00
     -0.258    23.9319    23.9376     96.600  94.547029     -0.367     6.6928     79.427    8.42632    8.40737 9.5713e+01     3.1451     1.5992    67.0457   997.3516  0.000e+00
     -0.264    23.9350    23.9407     96.593  94.547028     -0.376     6.6731     79.198    8.42583    8.40687 9.8494e+01     3.2193     1.6079    66.9006   997.3508  0.000e+00
     -0.291    23.9310    23.9368     96.508  94.455441     -0.414     6.6464     78.876    8.42645    8.40750 1.0201e+02     3.2108     1.6255    66.6059   997.3516  0.000e+00
     -0.350    23.9211    23.9269     96.621  94.547031     -0.498     6.6231     78.584    8.42801    8.40906 9.7931e+01     3.2214     1.6002    67.0294   997.3538  0.000e+00
     -0.415    23.9118    23.9175     96.546  94.455445     -0.590     6.5526     77.735    8.42949    8.41054 9.5866e+01     3.2702     1.6202    66.6947   997.3558  0.000e+00
     -0.437    23.9069    23.9126     96.743  94.638623     -0.621     6.5026     77.134    8.43026    8.41132 9.0488e+01     3.1939     1.6183    66.7258   997.3570  0.000e+00
     -0.437    23.9122    23.9180     96.638  94.547033     -0.621     6.4448     76.456    8.42941    8.41047 8.6276e+01     3.1451     1.6263    66.5926   997.3557  0.000e+00
     -0.448    23.9205    23.9263     96.622  94.547031     -0.637     6.4362     76.366    8.42811    8.40916 8.2487e+01     3.0963     1.6354    66.4416   997.3536  0.000e+00
     -0.450    23.9252    23.9309     96.613  94.547029     -0.640     6.4854     76.957    8.42737    8.40842 7.8792e+01     3.1748     1.6172    66.7436   997.3524  0.000e+00
     -0.445    23.9288    23.9345     96.606  94.547028     -0.632     6.5981     78.299    8.42680    8.40785 2.8279e+01     3.2151     1.6080    66.8976   997.3515  0.000e+00
     -0.472    23.9270    23.9327     96.609  94.547028     -0.671     6.6703     79.153    8.42709    8.40814 2.7136e+01     3.2744     1.5916    67.1730   997.3519  0.000e+00
     -0.482    23.9248    23.9306     96.613  94.547029     -0.685     6.7375     79.947    8.42743    8.40848 2.6310e+01     3.3592     1.6001    67.0309   997.3524  0.000e+00
     -0.464    23.9248    23.9306     96.613  94.547029     -0.660     6.7456     80.044    8.42743    8.40848 2.6364e+01     3.3316     1.5979    67.0664   997.3524  0.000e+00
     -0.467    23.9281    23.9338     96.607  94.547028     -0.664     6.7447     80.037    8.42692    8.40797 2.6570e+01     3.3825     1.6105    66.8561   997.3516  0.000e+00
     -0.470    23.9318    23.9375     96.600  94.547027     -0.668     6.7575     80.196    8.42634    8.40738 2.5473e+01     3.3316     1.5919    67.1685   997.3507  0.000e+00
     -0.468    23.9356    23.9414     96.561  94.516496     -0.665     6.7400     79.993    8.42573    8.40677 2.6159e+01     3.3783     1.5948    67.1197   997.3497  0.000e+00
     -0.468    23.9379    23.9436     96.588  94.547025     -0.665     6.7062     79.595    8.42537    8.40641 2.6558e+01     3.4949     1.6212    66.6785   997.3492  0.000e+00
     -0.465    23.9397    23.9454     96.584  94.547024     -0.662     6.6366     78.772    8.42509    8.40613 2.6352e+01     3.4037     1.6362    66.4282   997.3488  0.000e+00
     -0.463    23.9417    23.9475     96.486  94.455436     -0.659     6.5664     77.941    8.42476    8.40580 2.6889e+01     3.3507     1.6170    66.7481   997.3482  0.000e+00
     -0.456    23.9434    23.9491     96.577  94.547023     -0.648     6.4837     76.962    8.42451    8.40555 2.6298e+01     3.4482     1.6268    66.5837   997.3479  0.000e+00
     -0.456    23.9440    23.9497     96.576  94.547023     -0.648     6.4091     76.077    8.42441    8.40545 2.5779e+01     3.6624     1.6134    66.8073   997.3477  0.000e+00
     -0.445    23.9441    23.9498     96.482  94.455435     -0.632     6.3271     75.105    8.42440    8.40543 2.9221e+01     3.6072     1.5951    67.1138   997.3477  0.000e+00
     -0.454    23.9448    23.9506     96.574  94.547023     -0.646     6.2354     74.017    8.42428    8.40532 2.8914e+01     3.6475     1.5943    67.1271   997.3475  0.000e+00
     -0.517    23.9449    23.9506     96.480  94.455434     -0.735     6.1616     73.142    8.42427    8.40531 1.9726e+01     3.7471     1.6069    66.9168   997.3472  0.000e+00
     -0.551    23.9445    23.9503     96.575  94.547022     -0.784     6.1027     72.442    8.42432    8.40536 1.9385e+01     3.7514     1.6024    66.9924   997.3472  0.000e+00
     -0.552    23.9454    23.9512     96.666  94.638610     -0.785     6.0520     71.840    8.42418    8.40522 2.0031e+01     3.7005     1.6089    66.8828   997.3470  0.000e+00
     -0.558    23.9476    23.9533     96.662  94.638610     -0.793     6.0325     71.612    8.42384    8.40488 1.9182e+01     3.7069     1.5807    67.3566   997.3464  0.000e+00
     -0.570    23.9497    23.9554     96.658  94.638609     -0.810     6.0669     72.023    8.42351    8.40455 1.6429e+01     3.5776     1.6134    66.8073   997.3459  0.000e+00
     -0.576    23.9514    23.9571     96.655  94.638608     -0.820     6.1426     72.924    8.42324    8.40428 5.1180e+01     3.5097     1.6438    66.3024   997.3454  0.000e+00
     -0.573    23.9530    23.9587     96.651  94.638608     -0.815     6.2647     74.376    8.42299    8.40402 5.6208e+01     3.5267     1.6147    66.7865   997.3450  0.000e+00
     -0.580    23.9539    23.9596     96.556  94.547019     -0.825     6.3959     75.936    8.42285    8.40388 5.4098e+01     3.5055     1.6228    66.6503   997.3447  0.000e+00
     -0.591    23.9535    23.9593     96.650  94.638608     -0.840     6.5026     77.201    8.42290    8.40394 5.3055e+01     3.4567     1.6265    66.5896   997.3448  0.000e+00
     -0.604    23.9493    23.9551     96.659  94.638609     -0.859     6.5612     77.891    8.42357    8.40460 5.4809e+01     3.3846     1.5866    67.2574   997.3458  0.000e+00
     -0.601    23.9402    23.9460     96.677  94.638612     -0.854     6.5833     78.140    8.42500    8.40604 5.5683e+01     3.5373     1.6239    66.6326   997.3481  0.000e+00
     -0.583    23.9323    23.9380     96.692  94.638614     -0.829     6.5842     78.139    8.42625    8.40729 5.6960e+01     3.5542     1.6094    66.8739   997.3501  0.000e+00
     -0.580    23.9280    23.9337     96.607  94.547027     -0.825     6.5805     78.089    8.42693    8.40798 5.9115e+01     3.5712     1.6392    66.3779   997.3511  0.000e+00
     -0.580    23.9259    23.9317     96.611  94.547028     -0.825     6.5776     78.051    8.42726    8.40831 5.9988e+01     3.4822     1.6291    66.5467   997.3517  0.000e+00
     -0.572    23.9253    23.9310     96.613  94.547028     -0.814     6.5725     77.990    8.42736    8.40841 5.8885e+01     3.3804     1.6102    66.8606   997.3518  0.000e+00
     -0.561    23.9244    23.9301     96.708  94.638617     -0.798     6.5048     77.186    8.42750    8.40855 4.7714e+01     3.3634     1.6180    66.7303   997.3521  0.000e+00
     -0.549    23.9230    23.9288     96.617  94.547029     -0.781     6.4510     76.545    8.42771    8.40876 2.1989e+01     3.3825     1.6046    66.9553   997.3525  0.000e+00
     -0.528    23.9220    23.9277     96.619  94.547029     -0.751     6.3854     75.765    8.42788    8.40893 2.6534e+01     3.3507     1.6022    66.9953   997.3529  0.000e+00
     -0.514    23.9213    23.9271     96.620  94.547030     -0.731     6.3171     74.954    8.42798    8.40903 2.2799e+01     3.5458     1.5962    67.0960   997.3531  0.000e+00
     -0.494    23.9213    23.9271     96.714  94.638618     -0.703     6.2311     73.934    8.42798    8.40903 2.2669e+01     3.5097     1.6079    66.9006   997.3532  0.000e+00
