data/ctd_cnv_files/2024.02.24 Okaro 2 144.cnv
* Sea-Bird SBE19plus Data File:
* FileName = C:\Users\instrument\Desktop\Iola Rosa. CTD Casts\February 2024\Feb144.hex
* Software Version 1.59
* Temperature SN =  4268
* Conductivity SN =  4268
* System UpLoad Time = Feb 26 2024 14:00:28
* ds
* SeacatPlus V 1.6  SERIAL NO. 4268    26 Feb 2024  13:53:56
# nquan = 16
# nvalues = 841                                   
# units = specified
# name 0 = depFM: Depth [fresh water, m]
# name 1 = tv290C: Temperature [ITS-90, deg C]
# name 2 = tv268C: Temperature [IPTS-68, deg C]
# name 3 = specc: Specific Conductance [uS/cm]
# name 4 = c0uS/cm: Conductivity [uS/cm]
# name 5 = prdE: Pressure, Strain Gauge [psi]
# name 6 = sbeox0Mg/L: Oxygen, SBE 43 [mg/l]
# name 7 = sbeox0PS: Oxygen, SBE 43 [% saturation]
# name 8 = oxsolMg/L: Oxygen Saturation, Garcia & Gordon [mg/l]
# name 9 = oxsatMg/L: Oxygen Saturation, Weiss [mg/l]
# name 10 = par: PAR/Irradiance, Biospherical/Licor
# name 11 = flCM: Fluorescence, Chelsea Mini Chl Con [ug/l]
# name 12 = bat: Beam Attenuation, Chelsea/Seatech [1/m]
# name 13 = xmiss: Beam Transmission, Chelsea/Seatech [%]
# name 14 = density00: Density [density, kg/m^3]
# name 15 = flag:  0.000e+00
# span 0 =     -0.638,     14.916                 
# span 1 =     9.8431,    23.2107                 
# span 2 =     9.8455,    23.2163                 
# span 3 =     -1.528,    207.721                 
# span 4 =  -1.451909, 197.449371                 
# span 5 =     -0.908,     21.215                 
# span 6 =    -0.2457,     9.6045                 
# span 7 =     -2.393,    112.445                 
# span 8 =    8.54138,   11.32645                 
# span 9 =    8.52286,   11.31537                 
# span 10 = 1.3056e-01, 3.1487e+02                
# span 11 =    -0.3612,    41.9901                
# span 12 =     1.2553,    15.2000                
# span 13 =     2.2371,    73.0644                
# span 14 =   997.5281,   999.8237                
# span 15 = 0.0000e+00, 0.0000e+00                
# interval = seconds: 0.25
# start_time = Feb 22 2024 12:57:07 [Instrument's time stamp, header]
# bad_flag = -9.990e-29
*END*
[from data line 362]
     -0.110    23.2045    23.2100     97.108  93.631389     -0.156     8.4135     98.491    8.54239    8.52387 1.5708e+02     2.2505     1.7919    63.8919   997.5288  0.000e+00
     -0.074    23.2039    23.2095     97.109  93.631390     -0.105     8.4172     98.534    8.54247    8.52396 1.1926e+02     2.2971     1.8039    63.7009   997.5291  0.000e+00
     -0.047    23.2030    23.2085     97.016  93.539806     -0.067     8.4132     98.484    8.54263    8.52412 1.2705e+02     2.3311     1.7997    63.7675   997.5294  0.000e+00
     -0.028    23.2023    23.2078     97.112  93.631391     -0.039     8.4133     98.485    8.54274    8.52423 1.5250e+02     2.2611     1.8089    63.6210   997.5297  0.000e+00
     -0.012    23.2023    23.2078     97.017  93.539807     -0.017     8.3973     98.297    8.54275    8.52423 1.5654e+02     2.4392     1.8054    63.6772   997.5297  0.000e+00
     -0.003    23.2023    23.2079     96.954  93.478751     -0.005     8.3723     98.005    8.54273    8.52422 1.4514e+02     2.8038     1.8116    63.5780   997.5297  0.000e+00
     -0.002    23.2023    23.2078     97.112  93.631391     -0.003     8.3538     97.789    8.54274    8.52423 1.5415e+02     2.6194     1.8358    63.1945   997.5298  0.000e+00
     -0.004    23.2020    23.2076     97.018  93.539807     -0.006     8.3395     97.620    8.54279    8.52428 1.6276e+02     2.6384     1.8254    63.3589   997.5298  0.000e+00
     -0.001    23.2018    23.2074     97.113  93.631391     -0.002     8.3363     97.582    8.54281    8.52430 1.4762e+02     2.6066     1.8155    63.5158   997.5299  0.000e+00
      0.015    23.2018    23.2074     97.018  93.539807      0.022     8.3392     97.617    8.54282    8.52430 1.3950e+02     2.5812     1.8065    63.6595   997.5300  0.000e+00
      0.025    23.2016    23.2072     97.018  93.539807      0.036     8.3502     97.745    8.54284    8.52433 1.4627e+02     2.6024     1.8017    63.7365   997.5300  0.000e+00
      0.021    23.2016    23.2071     97.019  93.539807      0.030     8.3573     97.827    8.54286    8.52435 1.5486e+02     2.5897     1.8046    63.6891   997.5300  0.000e+00
      0.006    23.2018    23.2074     97.018  93.539807      0.009     8.3646     97.914    8.54282    8.52430 1.5766e+02     2.7360     1.7921    63.8890   997.5299  0.000e+00
     -0.004    23.2018    23.2074     97.018  93.539807     -0.006     8.3635     97.902    8.54282    8.52430 1.5611e+02     2.6469     1.8042    63.6965   997.5299  0.000e+00
      0.001    23.2017    23.2073     96.955  93.478751      0.001     8.3538     97.787    8.54283    8.52432 1.5021e+02     2.6215     1.8051    63.6817   997.5299  0.000e+00
      0.039    23.2019    23.2075     97.018  93.539807      0.056     8.3497     97.740    8.54280    8.52429 1.4094e+02     2.6194     1.8028    63.7187   997.5300  0.000e+00
      0.092    23.2024    23.2080     97.017  93.539807      0.131     8.3414     97.643    8.54272    8.52420 1.3813e+02     2.2251     1.8074    63.6447   997.5302  0.000e+00
      0.125    23.2028    23.2084     97.111  93.631392      0.178     8.3454     97.691    8.54266    8.52415 1.4179e+02     2.5155     1.8010    63.7468   997.5303  0.000e+00
      0.139    23.2025    23.2081     97.017  93.539808      0.198     8.3572     97.829    8.54270    8.52419 1.3122e+02     2.3544     1.8038    63.7024   997.5303  0.000e+00
      0.145    23.2022    23.2077     97.017  93.539808      0.206     8.3663     97.934    8.54276    8.52425 1.3725e+02     2.3544     1.8097    63.6091   997.5305  0.000e+00
      0.157    23.2021    23.2077     97.018  93.539808      0.223     8.3799     98.093    8.54277    8.52426 1.3537e+02     2.4074     1.8094    63.6136   997.5305  0.000e+00
      0.178    23.2016    23.2072     97.113  93.631393      0.253     8.3835     98.135    8.54284    8.52433 1.3690e+02     2.6024     1.8186    63.4670   997.5308  0.000e+00
      0.209    23.2015    23.2070     96.956  93.478753      0.297     8.3923     98.238    8.54287    8.52436 1.3273e+02     2.5642     1.8060    63.6669   997.5309  0.000e+00
      0.228    23.1995    23.2051     97.023  93.539810      0.325     8.3884     98.188    8.54318    8.52467 1.4169e+02     2.5218     1.8110    63.5884   997.5315  0.000e+00
      0.236    23.1992    23.2048     97.023  93.539810      0.336     8.3831     98.126    8.54324    8.52473 1.1712e+02     2.5812     1.8305    63.2789   997.5316  0.000e+00
      0.247    23.2001    23.2056     97.117  93.631394      0.351     8.3779     98.066    8.54310    8.52459 1.4205e+02     2.4879     1.8253    63.3604   997.5314  0.000e+00
      0.262    23.2006    23.2062     97.021  93.539810      0.373     8.3785     98.074    8.54301    8.52450 1.2406e+02     2.4413     1.8039    63.7009   997.5314  0.000e+00
      0.297    23.2008    23.2063     97.020  93.539810      0.422     8.3775     98.063    8.54299    8.52447 1.1826e+02     2.5112     1.8192    63.4581   997.5315  0.000e+00
      0.359    23.2002    23.2058     97.116  93.631395      0.511     8.3721     97.999    8.54307    8.52456 1.1731e+02     2.3311     1.8164    63.5025   997.5319  0.000e+00
      0.451    23.1989    23.2045     97.024  93.539812      0.642     8.3735     98.013    8.54328    8.52477 1.0982e+02     3.7811     1.8207    63.4344   997.5326  0.000e+00
      0.534    23.1979    23.2034     97.026  93.539813      0.759     8.3721     97.995    8.54345    8.52494 1.0222e+02     3.3868     1.8109    63.5899   997.5332  0.000e+00
      0.596    23.1959    23.2014     96.967  93.478758      0.848     8.3743     98.016    8.54378    8.52527 1.0029e+02     3.4143     1.8049    63.6846   997.5340  0.000e+00
      0.639    23.1937    23.1993     97.034  93.539815      0.909     8.3805     98.085    8.54412    8.52561 9.8043e+01     3.2765     1.8031    63.7128   997.5347  0.000e+00
      0.665    23.1917    23.1973     96.975  93.478760      0.945     8.3878     98.166    8.54445    8.52594 9.6130e+01     3.1366     1.7970    63.8105   997.5352  0.000e+00
      0.682    23.1900    23.1955     96.979  93.478761      0.970     8.3918     98.210    8.54473    8.52623 9.8404e+01     3.0264     1.8011    63.7453   997.5357  0.000e+00
      0.694    23.1888    23.1944     97.044  93.539817      0.987     8.3885     98.169    8.54492    8.52641 9.4471e+01     2.9458     1.7997    63.7675   997.5361  0.000e+00
      0.704    23.1889    23.1945     97.044  93.539817      1.002     8.3861     98.142    8.54490    8.52640 9.4992e+01     2.9267     1.8238    63.3841   997.5361  0.000e+00
      0.729    23.1892    23.1947     96.980  93.478761      1.037     8.3837     98.115    8.54486    8.52636 9.2352e+01     2.8822     1.8112    63.5839   997.5361  0.000e+00
      0.756    23.1896    23.1952     97.043  93.539817      1.075     8.3847     98.126    8.54479    8.52628 9.2712e+01     2.8674     1.7961    63.8253   997.5362  0.000e+00
      0.770    23.1869    23.1925     97.048  93.539818      1.095     8.3899     98.182    8.54523    8.52672 9.2819e+01     2.8526     1.8172    63.4892   997.5369  0.000e+00
      0.763    23.1838    23.1894     97.054  93.539819      1.086     8.3978     98.269    8.54572    8.52722 9.3181e+01     3.0158     1.8026    63.7216   997.5376  0.000e+00
      0.752    23.1826    23.1882     96.993  93.478763      1.070     8.4005     98.298    8.54592    8.52742 9.4688e+01     3.0476     1.8034    63.7083   997.5378  0.000e+00
      0.743    23.1834    23.1890     97.055  93.539819      1.056     8.3934     98.216    8.54579    8.52729 9.3523e+01     2.9458     1.8263    63.3456   997.5376  0.000e+00
      0.743    23.1844    23.1899     97.053  93.539819      1.056     8.3856     98.127    8.54564    8.52714 9.3117e+01     2.9162     1.8015    63.7394   997.5374  0.000e+00
      0.771    23.1854    23.1910     97.146  93.631403      1.097     8.3881     98.158    8.54547    8.52696 8.8864e+01     2.8271     1.8238    63.3841   997.5373  0.000e+00
      0.816    23.1861    23.1917     96.986  93.478763      1.161     8.3770     98.030    8.54536    8.52685 8.4244e+01     2.8547     1.8368    63.1783   997.5373  0.000e+00
      0.869    23.1849    23.1904     97.147  93.631404      1.236     8.3712     97.960    8.54555    8.52705 8.5332e+01     2.7996     1.8172    63.4892   997.5378  0.000e+00
      0.919    23.1829    23.1884     96.993  93.478765      1.308     8.3787     98.043    8.54588    8.52738 8.1809e+01     2.7169     1.7815    64.0577   997.5385  0.000e+00
      0.958    23.1806    23.1861     97.061  93.539822      1.362     8.3787     98.039    8.54625    8.52775 7.8702e+01     2.7466     1.8075    63.6432   997.5392  0.000e+00
      0.991    23.1786    23.1841     97.065  93.539823      1.409     8.3864     98.126    8.54657    8.52808 7.9190e+01     2.7741     1.8185    63.4685   997.5399  0.000e+00
      1.029    23.1779    23.1834     97.066  93.539823      1.464     8.4016     98.302    8.54669    8.52819 7.6708e+01     2.8441     1.8273    63.3293   997.5402  0.000e+00
      1.081    23.1780    23.1836     97.066  93.539824      1.538     8.4091     98.391    8.54666    8.52816 7.4764e+01     2.8441     1.8197    63.4492   997.5404  0.000e+00
      1.139    23.1758    23.1814     97.007  93.478769      1.620     8.4177     98.487    8.54702    8.52852 7.2653e+01     2.8123     1.8058    63.6698   997.5412  0.000e+00
      1.200    23.1701    23.1757     97.019  93.478771      1.706     8.4228     98.536    8.54794    8.52945 7.0910e+01     2.8441     1.8022    63.7276   997.5428  0.000e+00
      1.252    23.1630    23.1686     97.096  93.539830      1.781     8.4168     98.452    8.54909    8.53060 6.8264e+01     2.8844     1.8376    63.1664   997.5447  0.000e+00
      1.314    23.1579    23.1635     96.980  93.417720      1.869     8.4078     98.338    8.54991    8.53143 6.7162e+01     2.8080     1.8004    63.7557   997.5462  0.000e+00
      1.378    23.1535    23.1590     97.052  93.478778      1.959     8.4050     98.297    8.55063    8.53215 6.4389e+01     2.7360     1.7964    63.8208   997.5476  0.000e+00
      1.436    23.1519    23.1575     97.119  93.539835      2.042     8.4008     98.245    8.55089    8.53241 6.3992e+01     2.8335     1.8359    63.1931   997.5482  0.000e+00
      1.479    23.1508    23.1564     97.121  93.539835      2.103     8.4069     98.314    8.55106    8.53258 6.4581e+01     2.8208     1.8093    63.6150   997.5487  0.000e+00
      1.512    23.1494    23.1550     97.124  93.539836      2.150     8.4136     98.390    8.55128    8.53280 6.1435e+01     2.8865     1.8004    63.7557   997.5492  0.000e+00
      1.547    23.1483    23.1539     97.063  93.478781      2.200     8.4044     98.280    8.55147    8.53299 5.9741e+01     2.8907     1.8089    63.6210   997.5496  0.000e+00
      1.582    23.1458    23.1514     97.068  93.478782      2.250     8.4018     98.245    8.55187    8.53339 5.9919e+01     2.8483     1.8228    63.4003   997.5503  0.000e+00
      1.608    23.1426    23.1482     96.979  93.387200      2.288     8.4023     98.245    8.55239    8.53392 5.9741e+01     2.9034     1.8101    63.6017   997.5512  0.000e+00
      1.644    23.1397    23.1453     96.985  93.387201      2.338     8.4019     98.235    8.55286    8.53439 5.9033e+01     2.9204     1.8220    63.4137   997.5520  0.000e+00
      1.672    23.1359    23.1415     97.088  93.478786      2.378     8.4016     98.224    8.55347    8.53500 5.8214e+01     2.9119     1.8093    63.6150   997.5531  0.000e+00
      1.700    23.1294    23.1349     97.006  93.387204      2.417     8.3943     98.127    8.55454    8.53607 5.7170e+01     2.9225     1.8505    62.9636   997.5547  0.000e+00
      1.736    23.1217    23.1272     97.116  93.478791      2.469     8.3922     98.089    8.55578    8.53732 5.6286e+01     2.8695     1.8255    63.3574   997.5568  0.000e+00
      1.771    23.1174    23.1229     97.030  93.387209      2.519     8.3847     97.993    8.55648    8.53802 5.6765e+01     2.8950     1.8198    63.4477   997.5579  0.000e+00
      1.804    23.1181    23.1236     97.124  93.478792      2.566     8.3768     97.901    8.55636    8.53790 5.6183e+01     2.9479     1.8056    63.6743   997.5579  0.000e+00
      1.834    23.1202    23.1257     97.024  93.387208      2.608     8.3714     97.842    8.55602    8.53756 5.5150e+01     2.8738     1.8104    63.5973   997.5575  0.000e+00
      1.864    23.1211    23.1266     97.022  93.387208      2.652     8.3790     97.933    8.55588    8.53742 5.3765e+01     2.8844     1.8215    63.4211   997.5574  0.000e+00
      1.896    23.1212    23.1268     97.022  93.387209      2.697     8.3844     97.996    8.55585    8.53739 5.3888e+01     2.9056     1.8260    63.3500   997.5575  0.000e+00
      1.934    23.1201    23.1256     97.024  93.387209      2.750     8.3992     98.167    8.55604    8.53758 5.2861e+01     2.9437     1.8396    63.1353   997.5580  0.000e+00
      1.976    23.1168    23.1224     97.031  93.387211      2.811     8.4157     98.354    8.55656    8.53811 5.2474e+01     3.0751     1.8511    62.9532   997.5589  0.000e+00
      2.014    23.1125    23.1180     96.976  93.326157      2.864     8.4296     98.508    8.55727    8.53882 5.2776e+01     2.9903     1.8347    63.2123   997.5601  0.000e+00
      2.049    23.1091    23.1147     96.951  93.295631      2.914     8.4428     98.657    8.55781    8.53936 5.1592e+01     3.0094     1.8509    62.9562   997.5611  0.000e+00
      2.074    23.1002    23.1058     96.906  93.234578      2.950     8.4415     98.625    8.55926    8.54081 5.1051e+01     2.9925     1.8564    62.8703   997.5633  0.000e+00
      2.090    23.0929    23.0985     97.079  93.387219      2.972     8.4435     98.634    8.56044    8.54199 5.1415e+01     3.0073     1.8368    63.1783   997.5652  0.000e+00
      2.098    23.0948    23.1003     96.980  93.295635      2.985     8.4399     98.595    8.56014    8.54170 5.1133e+01     2.9882     1.8461    63.0317   997.5647  0.000e+00
      2.114    23.0974    23.1030     96.975  93.295635      3.006     8.4321     98.509    8.55971    8.54127 5.1368e+01     2.9140     1.8352    63.2049   997.5642  0.000e+00
      2.125    23.0987    23.1043     97.067  93.387217      3.022     8.4221     98.395    8.55950    8.54105 5.2055e+01     2.9437     1.8492    62.9828   997.5639  0.000e+00
      2.144    23.0995    23.1051     96.971  93.295634      3.050     8.4061     98.210    8.55937    8.54093 5.0331e+01     2.9903     1.8319    63.2567   997.5638  0.000e+00
      2.174    23.0984    23.1039     96.973  93.295635      3.092     8.3928     98.052    8.55956    8.54111 5.0400e+01     2.9522     1.8226    63.4033   997.5642  0.000e+00
      2.208    23.0922    23.0977     96.922  93.234582      3.141     8.3687     97.759    8.56057    8.54212 4.9022e+01     2.9543     1.8265    63.3411   997.5658  0.000e+00
      2.239    23.0858    23.0913     96.998  93.295639      3.185     8.3303     97.299    8.56160    8.54316 4.8642e+01     2.8971     1.8318    63.2582   997.5675  0.000e+00
      2.268    23.0809    23.0864     96.945  93.234586      3.225     8.2737     96.629    8.56240    8.54396 4.9326e+01     2.8844     1.8249    63.3678   997.5688  0.000e+00
      2.312    23.0775    23.0830     97.110  93.387226      3.288     8.2081     95.856    8.56295    8.54451 4.7431e+01     2.9013     1.8230    63.3974   997.5698  0.000e+00
      2.374    23.0741    23.0797     96.958  93.234589      3.377     8.1661     95.360    8.56349    8.54506 4.6325e+01     2.9458     1.8274    63.3278   997.5709  0.000e+00
      2.433    23.0630    23.0686     96.981  93.234593      3.461     8.1488     95.138    8.56529    8.54687 4.6155e+01     2.9267     1.8072    63.6476   997.5738  0.000e+00
