data/ctd_cnv_files/2024.03.08 Okaro 1.1 139 CTD transition .cnv
* Sea-Bird SBE19plus  Data File:
* FileName = C:\Users\dcastle\Documents\CTD\SBE19plus_01908200_2024_03_12_0139.hex
* Software version 2.8.0.119
* Temperature SN = 8200
* Conductivity SN = 8200
* System UpLoad Time = Mar 12 2024 09:34:09
* <ApplicationData>
* <Seaterm232>
# nquan = 11
# nvalues = 1291                                  
# units = specified
# name 0 = depFM: Depth [fresh water, m]
# name 1 = tv290C: Temperature [ITS-90, deg C]
# name 2 = tv268C: Temperature [IPTS-68, deg C]
# name 3 = specc: Specific Conductance [uS/cm]
# name 4 = c0uS/cm: Conductivity [uS/cm]
# name 5 = prdE: Pressure, Strain Gauge [psi]
# name 6 = oxsolMg/L: Oxygen Saturation, Garcia & Gordon [mg/l]
# name 7 = oxsatMg/L: Oxygen Saturation, Weiss [mg/l]
# name 8 = par/sat/log: PAR/Logarithmic, Satlantic
# name 9 = density00: Density [density, kg/m^3]
# name 10 = flag:  0.000e+00
# span 0 =     -0.553,     16.059                 
# span 1 =     9.8762,    19.5110                 
# span 2 =     9.8786,    19.5157                 
# span 3 =      3.529,    234.561                 
# span 4 =   3.101990, 163.644603                 
# span 5 =     -0.786,     22.841                 
# span 6 =    9.17878,   11.31743                 
# span 7 =    9.16289,   11.30636                 
# span 8 = 1.1258e-01, 2.6999e+03                 
# span 9 =   998.3312,   999.8741                 
# span 10 = 0.0000e+00, 0.0000e+00                
# interval = seconds: 0.25
# start_time = Mar 09 2024 08:49:04 [Instrument's time stamp, header]
# bad_flag = -9.990e-29
*END*
     -0.549    17.2843    17.2885     13.434  11.362106     -0.780    9.60727    9.59301 1.3557e+02   998.7336  0.000e+00
     -0.546    17.2847    17.2888     13.364  11.302882     -0.777    9.60720    9.59295 1.2931e+02   998.7335  0.000e+00
     -0.548    17.2852    17.2893     13.434  11.362106     -0.779    9.60710    9.59284 1.2173e+02   998.7334  0.000e+00
     -0.546    17.2856    17.2898     13.434  11.362106     -0.777    9.60701    9.59276 1.0955e+02   998.7334  0.000e+00
     -0.548    17.2861    17.2903     13.503  11.421331     -0.779    9.60691    9.59265 1.0742e+02   998.7333  0.000e+00
     -0.550    17.2865    17.2907     13.433  11.362106     -0.782    9.60683    9.59257 1.0226e+02   998.7332  0.000e+00
     -0.548    17.2871    17.2913     13.363  11.302882     -0.779    9.60671    9.59245 1.0246e+02   998.7331  0.000e+00
     -0.550    17.2871    17.2913     13.363  11.302882     -0.782    9.60671    9.59245 1.0237e+02   998.7331  0.000e+00
     -0.549    17.2878    17.2920     13.223  11.184434     -0.780    9.60658    9.59232 1.0356e+02   998.7329  0.000e+00
     -0.548    17.2882    17.2924     13.293  11.243658     -0.779    9.60649    9.59223 1.0692e+02   998.7329  0.000e+00
     -0.549    17.2885    17.2926     13.223  11.184434     -0.780    9.60644    9.59218 1.0702e+02   998.7328  0.000e+00
     -0.548    17.2890    17.2932     13.223  11.184434     -0.779    9.60634    9.59208 1.3022e+02   998.7327  0.000e+00
     -0.549    17.2894    17.2936     13.152  11.125210     -0.780    9.60626    9.59200 1.2880e+02   998.7326  0.000e+00
     -0.549    17.2898    17.2939     13.117  11.095598     -0.780    9.60619    9.59193 1.3056e+02   998.7325  0.000e+00
     -0.551    17.2901    17.2943     13.222  11.184433     -0.783    9.60612    9.59186 1.3960e+02   998.7325  0.000e+00
     -0.550    17.2903    17.2944     13.292  11.243657     -0.782    9.60609    9.59183 1.3682e+02   998.7325  0.000e+00
     -0.549    17.2906    17.2948     13.117  11.095598     -0.780    9.60602    9.59176 1.3793e+02   998.7324  0.000e+00
     -0.549    17.2906    17.2948     13.117  11.095598     -0.780    9.60602    9.59176 1.3766e+02   998.7324  0.000e+00
     -0.551    17.2899    17.2941     13.292  11.243657     -0.783    9.60615    9.59189 1.2643e+02   998.7325  0.000e+00
     -0.549    17.2910    17.2952     13.572  11.480555     -0.780    9.60593    9.59167 1.1513e+02   998.7324  0.000e+00
     -0.551    17.2919    17.2960     14.027  11.865520     -0.783    9.60575    9.59149 1.1845e+02   998.7324  0.000e+00
     -0.550    17.2915    17.2956     15.322  12.961229     -0.782    9.60580    9.59154 1.1946e+02   998.7329  0.000e+00
     -0.551    17.2910    17.2951     16.443  13.908917     -0.783    9.60588    9.59162 1.1541e+02   998.7333  0.000e+00
     -0.551    17.2907    17.2949     17.003  14.382778     -0.783    9.60592    9.59166 1.1594e+02   998.7335  0.000e+00
     -0.551    17.2902    17.2943     17.984  15.212062     -0.783    9.60600    9.59174 1.1574e+02   998.7339  0.000e+00
     -0.549    17.2902    17.2943     18.649  15.774810     -0.780    9.60598    9.59172 1.1345e+02   998.7341  0.000e+00
     -0.552    17.2902    17.2943     18.334  15.508244     -0.785    9.60599    9.59173 1.1703e+02   998.7340  0.000e+00
     -0.551    17.2900    17.2942     18.334  15.508244     -0.783    9.60602    9.59176 1.1685e+02   998.7340  0.000e+00
     -0.551    17.2888    17.2930     18.054  15.271298     -0.783    9.60627    9.59201 1.0962e+02   998.7341  0.000e+00
     -0.551    17.2872    17.2914     18.265  15.449007     -0.783    9.60658    9.59233 1.0848e+02   998.7345  0.000e+00
     -0.549    17.2859    17.2900     18.511  15.656336     -0.780    9.60685    9.59259 1.0958e+02   998.7348  0.000e+00
     -0.550    17.2848    17.2889     19.562  16.544913     -0.782    9.60705    9.59279 1.0381e+02   998.7353  0.000e+00
     -0.551    17.2845    17.2887     19.107  16.159858     -0.783    9.60711    9.59285 1.2173e+02   998.7352  0.000e+00
     -0.553    17.2844    17.2886     21.663  18.322184     -0.786    9.60707    9.59281 1.2804e+02   998.7360  0.000e+00
     -0.550    17.2850    17.2892     25.901  21.906827     -0.782    9.60685    9.59259 1.3808e+02   998.7372  0.000e+00
     -0.552    17.2860    17.2901     25.235  21.343907     -0.785    9.60668    9.59242 1.4362e+02   998.7369  0.000e+00
     -0.550    17.2871    17.2913     23.938  20.247739     -0.782    9.60647    9.59221 1.5807e+02   998.7363  0.000e+00
     -0.549    17.2886    17.2927     22.046  18.648034     -0.780    9.60623    9.59197 1.8250e+02   998.7354  0.000e+00
     -0.482    17.3188    17.3230     69.148  58.530571     -0.686    9.59904    9.58476 1.8426e+02   998.7458  0.000e+00
     -0.366    17.7888    17.7931    135.034 115.570663     -0.521    9.50452    9.48990 1.7676e+02   998.6848  0.000e+00
     -0.251    18.3155    18.3199    118.933 103.042905     -0.357    9.40284    9.38784 1.9364e+02   998.5820  0.000e+00
     -0.143    18.7214    18.7259    107.932  94.388128     -0.204    9.32576    9.31046 1.9390e+02   998.5013  0.000e+00
     -0.058    19.0415    19.0460    104.177  91.771552     -0.082    9.26568    9.25014 2.2089e+02   998.4382  0.000e+00
      0.017    19.2198    19.2245    102.278  90.463389      0.025    9.23248    9.21681 1.8138e+02   998.4027  0.000e+00
      0.077    19.3174    19.3221    101.382  89.868793      0.110    9.21441    9.19866 1.8262e+02   998.3833  0.000e+00
      0.116    19.3575    19.3621    100.787  89.422867      0.165    9.20702    9.19124 1.5820e+02   998.3753  0.000e+00
      0.161    19.3671    19.3717    101.067  89.690412      0.229    9.20524    9.18946 1.1994e+02   998.3737  0.000e+00
      0.196    19.3726    19.3773    102.562  91.028201      0.278    9.20418    9.18839 1.5273e+02   998.3732  0.000e+00
      0.216    19.3828    19.3875    102.237  90.760633      0.307    9.20230    9.18651 9.4597e+01   998.3712  0.000e+00
      0.232    19.3723    19.3770    102.261  90.760636      0.331    9.20424    9.18845 5.8816e+02   998.3733  0.000e+00
      0.242    19.3274    19.3320    102.298  90.701191      0.345    9.21255    9.19680 1.2394e+02   998.3824  0.000e+00
      0.250    19.2769    19.2815    102.347  90.641748      0.355    9.22189    9.20618 1.4956e+02   998.3924  0.000e+00
      0.250    19.2411    19.2457    102.363  90.582300      0.355    9.22854    9.21285 1.6072e+02   998.3996  0.000e+00
      0.236    19.2152    19.2198    102.423  90.582308      0.335    9.23334    9.21767 2.3941e+02   998.4046  0.000e+00
      0.230    19.1989    19.2035    102.326  90.463397      0.328    9.23637    9.22071 1.0627e+02   998.4078  0.000e+00
      0.234    19.1965    19.2011    101.962  90.136383      0.332    9.23683    9.22118 2.4578e+02   998.4082  0.000e+00
      0.238    19.2150    19.2197    101.852  90.076921      0.338    9.23338    9.21772 1.7057e+02   998.4045  0.000e+00
      0.237    19.2298    19.2344    102.154  90.374201      0.337    9.23063    9.21495 2.7473e+02   998.4017  0.000e+00
      0.223    19.2467    19.2513    102.215  90.463383      0.317    9.22750    9.21181 5.9710e+02   998.3983  0.000e+00
      0.192    19.2359    19.2405    102.140  90.374199      0.274    9.22951    9.21382 2.2240e+02   998.4003  0.000e+00
      0.175    19.1914    19.1960    101.973  90.136384      0.249    9.23778    9.22213 1.6746e+02   998.4089  0.000e+00
      0.173    19.1710    19.1756    101.852  89.987749      0.246    9.24157    9.22593 2.5914e+02   998.4129  0.000e+00
      0.178    19.1781    19.1827    101.836  89.987747      0.253    9.24025    9.22461 2.3250e+02   998.4115  0.000e+00
      0.185    19.1797    19.1843    102.000  90.136387      0.263    9.23995    9.22431 2.0686e+02   998.4113  0.000e+00
      0.187    19.1983    19.2029    102.227  90.374210      0.266    9.23649    9.22083 2.6999e+03   998.4077  0.000e+00
      0.186    19.2112    19.2158    102.264  90.433664      0.264    9.23408    9.21842 1.3403e+02   998.4052  0.000e+00
      0.187    19.1557    19.1603    102.123  90.195851      0.266    9.24441    9.22878 6.0937e+02   998.4161  0.000e+00
      0.190    19.1164    19.1210    101.978  89.987765      0.270    9.25173    9.23614 1.9012e+02   998.4238  0.000e+00
      0.192    19.1055    19.1101    101.869  89.868856      0.273    9.25378    9.23819 1.6320e+02   998.4259  0.000e+00
      0.192    19.1006    19.1052    101.813  89.809401      0.273    9.25469    9.23910 2.2022e+02   998.4269  0.000e+00
      0.188    19.1087    19.1132    101.727  89.749943      0.267    9.25319    9.23760 5.3771e+02   998.4252  0.000e+00
      0.189    19.1216    19.1262    101.562  89.631029      0.269    9.25079    9.23519 1.8912e+02   998.4226  0.000e+00
      0.193    19.1422    19.1468    101.414  89.541840      0.275    9.24695    9.23134 1.9521e+02   998.4185  0.000e+00
      0.212    19.1812    19.1858    101.257  89.482374      0.301    9.23970    9.22405 3.9079e+02   998.4109  0.000e+00
      0.225    19.2134    19.2180    101.351  89.631002      0.320    9.23370    9.21803 1.7259e+02   998.4046  0.000e+00
      0.229    19.2276    19.2323    101.453  89.749909      0.326    9.23105    9.21538 2.1139e+02   998.4018  0.000e+00
      0.228    19.2417    19.2463    101.051  89.422902      0.324    9.22846    9.21277 1.6093e+02   998.3989  0.000e+00
      0.231    19.2554    19.2600    100.886  89.303989      0.329    9.22592    9.21022 2.3837e+02   998.3961  0.000e+00
      0.244    19.2655    19.2701    100.661  89.125624      0.348    9.22405    9.20835 3.9882e+02   998.3941  0.000e+00
      0.263    19.2747    19.2794    100.640  89.125622      0.374    9.22234    9.20662 1.8678e+02   998.3923  0.000e+00
      0.272    19.2639    19.2686    101.168  89.571533      0.386    9.22433    9.20862 2.0723e+02   998.3947  0.000e+00
      0.267    19.2598    19.2645    101.379  89.749900      0.380    9.22508    9.20938 3.4816e+02   998.3956  0.000e+00
      0.255    19.1901    19.1947    100.967  89.244554      0.363    9.23804    9.22239 2.4078e+02   998.4092  0.000e+00
      0.248    19.1496    19.1542    100.555  88.798665      0.352    9.24559    9.22997 3.5695e+02   998.4170  0.000e+00
      0.252    19.1594    19.1640    100.398  88.679757      0.358    9.24378    9.22815 2.0560e+02   998.4151  0.000e+00
      0.259    19.1933    19.1979    100.590  88.917558      0.368    9.23746    9.22180 4.7178e+02   998.4085  0.000e+00
      0.265    19.2170    19.2216    101.175  89.482364      0.377    9.23303    9.21736 6.8608e+02   998.4040  0.000e+00
      0.264    19.2549    19.2595    101.021  89.422898      0.375    9.22601    9.21032 2.2761e+02   998.3964  0.000e+00
      0.260    19.2109    19.2155    100.550  88.917553      0.369    9.23419    9.21853 7.2702e+02   998.4050  0.000e+00
      0.254    19.1939    19.1985    100.253  88.620295      0.362    9.23735    9.22169 3.2018e+02   998.4082  0.000e+00
      0.249    19.2095    19.2141    100.184  88.590564      0.354    9.23445    9.21879 2.1706e+02   998.4051  0.000e+00
      0.247    19.2201    19.2247    100.193  88.620287      0.351    9.23248    9.21681 7.5078e+02   998.4030  0.000e+00
      0.237    19.2266    19.2313    100.178  88.620285      0.337    9.23127    9.21559 4.5825e+02   998.4016  0.000e+00
      0.228    19.2402    19.2449    100.047  88.531103      0.324    9.22875    9.21306 1.0587e+03   998.3988  0.000e+00
      0.218    19.2578    19.2624     99.806  88.352743      0.311    9.22551    9.20981 3.2095e+02   998.3952  0.000e+00
      0.216    19.2879    19.2925     99.671  88.293283      0.307    9.21992    9.20420 3.7537e+02   998.3892  0.000e+00
      0.219    19.3109    19.3155     99.619  88.293276      0.312    9.21566    9.19992 3.7644e+02   998.3846  0.000e+00
      0.221    19.3112    19.3158     99.887  88.531083      0.314    9.21561    9.19987 3.9578e+02   998.3847  0.000e+00
      0.217    19.3177    19.3224    100.241  88.858069      0.309    9.21438    9.19864 1.7394e+03   998.3835  0.000e+00
      0.205    19.3358    19.3405    100.066  88.739158      0.292    9.21104    9.19528 3.7488e+02   998.3797  0.000e+00
      0.192    19.3480    19.3527     99.535  88.293265      0.273    9.20880    9.19303 5.1514e+02   998.3771  0.000e+00
      0.191    19.3519    19.3566     99.359  88.144637      0.272    9.20808    9.19231 4.2999e+02   998.3762  0.000e+00
      0.189    19.3576    19.3622     99.347  88.144635      0.269    9.20703    9.19126 4.6450e+02   998.3751  0.000e+00
      0.197    19.3550    19.3597     99.386  88.174361      0.280    9.20750    9.19173 4.4452e+02   998.3756  0.000e+00
      0.202    19.3350    19.3396     99.766  88.471624      0.287    9.21120    9.19544 4.3131e+02   998.3798  0.000e+00
      0.203    19.3329    19.3375    100.072  88.739159      0.289    9.21158    9.19582 4.2624e+02   998.3803  0.000e+00
      0.194    19.3296    19.3343     99.845  88.531077      0.277    9.21219    9.19644 3.5540e+02   998.3808  0.000e+00
      0.190    19.2868    19.2914     99.438  88.085205      0.270    9.22013    9.20441 3.8993e+02   998.3892  0.000e+00
      0.187    19.2730    19.2776     99.268  87.906857      0.266    9.22269    9.20698 5.6052e+02   998.3919  0.000e+00
      0.193    19.2785    19.2832     99.255  87.906856      0.275    9.22166    9.20595 5.0355e+02   998.3908  0.000e+00
      0.200    19.2765    19.2812     99.562  88.174384      0.284    9.22203    9.20631 5.4636e+02   998.3913  0.000e+00
      0.202    19.2762    19.2808    100.133  88.679723      0.287    9.22208    9.20637 5.9009e+02   998.3916  0.000e+00
      0.200    19.2868    19.2914    100.109  88.679720      0.284    9.22011    9.20439 7.8762e+02   998.3895  0.000e+00
      0.193    19.2532    19.2578     99.682  88.233842      0.275    9.22635    9.21065 3.8393e+02   998.3960  0.000e+00
      0.188    19.2281    19.2327     99.369  87.906870      0.267    9.23102    9.21534 3.4483e+02   998.4008  0.000e+00
      0.191    19.2310    19.2356     99.362  87.906870      0.272    9.23048    9.21480 3.3494e+02   998.4003  0.000e+00
      0.198    19.2388    19.2434     99.479  88.025768      0.281    9.22903    9.21335 7.2607e+02   998.3988  0.000e+00
      0.206    19.2386    19.2432     99.849  88.352748      0.294    9.22906    9.21337 6.2654e+02   998.3990  0.000e+00
      0.210    19.2530    19.2577    100.018  88.531099      0.298    9.22638    9.21068 4.3595e+02   998.3962  0.000e+00
      0.214    19.2580    19.2627    100.074  88.590550      0.304    9.22545    9.20975 1.2595e+03   998.3952  0.000e+00
      0.214    19.2223    19.2269     99.751  88.233851      0.304    9.23209    9.21642 5.2103e+02   998.4022  0.000e+00
      0.213    19.2003    19.2049     99.633  88.085230      0.303    9.23618    9.22053 2.8909e+02   998.4065  0.000e+00
      0.218    19.2053    19.2099     99.487  87.966327      0.311    9.23526    9.21960 4.6461e+02   998.4055  0.000e+00
      0.223    19.2169    19.2216     99.394  87.906874      0.317    9.23309    9.21742 3.1093e+02   998.4032  0.000e+00
      0.235    19.2196    19.2242     99.388  87.906873      0.334    9.23260    9.21693 2.9535e+02   998.4027  0.000e+00
      0.248    19.2180    19.2226     99.761  88.233852      0.352    9.23288    9.21721 3.2691e+02   998.4032  0.000e+00
      0.251    19.2142    19.2188    100.206  88.620289      0.357    9.23358    9.21791 3.5353e+02   998.4041  0.000e+00
      0.247    19.2143    19.2189    100.274  88.679741      0.351    9.23356    9.21789 4.1611e+02   998.4041  0.000e+00
      0.242    19.1800    19.1846     99.981  88.352765      0.345    9.23995    9.22430 5.6793e+02   998.4108  0.000e+00
      0.240    19.1471    19.1517     99.484  87.847444      0.341    9.24609    9.23047 3.3028e+02   998.4171  0.000e+00
      0.244    19.1420    19.1466     99.495  87.847445      0.348    9.24703    9.23142 2.6902e+02   998.4181  0.000e+00
