data/ctd_cnv_files/2024.01.25 Okaro 2 124.cnv
* Sea-Bird SBE19plus Data File:
* FileName = C:\Users\instrument\Desktop\Iola Rosa. CTD Cast. July.23\Jsanuary 2024\Iola Rosa Jan124.24.hex
* Software Version 1.59
* Temperature SN =  4268
* Conductivity SN =  4268
* System UpLoad Time = Feb 01 2024 08:54:22
* ds
* SeacatPlus V 1.6  SERIAL NO. 4268    01 Feb 2024  08:53:08
# nquan = 16
# nvalues = 700                                   
# units = specified
# name 0 = depFM: Depth [fresh water, m]
# name 1 = tv290C: Temperature [ITS-90, deg C]
# name 2 = tv268C: Temperature [IPTS-68, deg C]
# name 3 = specc: Specific Conductance [uS/cm]
# name 4 = c0uS/cm: Conductivity [uS/cm]
# name 5 = prdE: Pressure, Strain Gauge [psi]
# name 6 = sbeox0Mg/L: Oxygen, SBE 43 [mg/l]
# name 7 = sbeox0PS: Oxygen, SBE 43 [% saturation]
# name 8 = oxsolMg/L: Oxygen Saturation, Garcia & Gordon [mg/l]
# name 9 = oxsatMg/L: Oxygen Saturation, Weiss [mg/l]
# name 10 = par: PAR/Irradiance, Biospherical/Licor
# name 11 = flCM: Fluorescence, Chelsea Mini Chl Con [ug/l]
# name 12 = bat: Beam Attenuation, Chelsea/Seatech [1/m]
# name 13 = xmiss: Beam Transmission, Chelsea/Seatech [%]
# name 14 = density00: Density [density, kg/m^3]
# name 15 = flag:  0.000e+00
# span 0 =     -0.604,     15.906                 
# span 1 =     9.7491,    23.9700                 
# span 2 =     9.7514,    23.9758                 
# span 3 =     91.495,    240.118                 
# span 4 =  68.189927, 167.039663                 
# span 5 =     -0.859,     22.624                 
# span 6 =    -0.9533,     9.3450                 
# span 7 =     -9.199,    110.893                 
# span 8 =    8.42032,   11.35171                 
# span 9 =    8.40134,   11.34064                 
# span 10 = 1.0552e-01, 2.7174e+02                
# span 11 =     1.4873,    57.1686                
# span 12 =     1.8115,     4.8819                
# span 13 =    29.5088,    63.5795                
# span 14 =   997.3413,   999.8842                
# span 15 = 0.0000e+00, 0.0000e+00                
# interval = seconds: 0.25
# start_time = Jan 25 2024 13:55:48 [Instrument's time stamp, header]
# bad_flag = -9.990e-29
*END*
[from data line 91]
      0.158    23.5963    23.6020     95.414  92.745978      0.225     5.8151     68.578    8.47954    8.46079 1.4966e+02     5.0042     2.0939    59.2457   997.4351  0.000e+00
      0.156    23.6107    23.6164     95.386  92.745973      0.222     5.8110     68.549    8.47725    8.45848 1.2702e+02     4.9682     2.0944    59.2383   997.4315  0.000e+00
      0.155    23.6368    23.6425     95.397  92.807019      0.220     5.8065     68.529    8.47309    8.45431 1.5522e+02     4.9576     2.0712    59.5833   997.4252  0.000e+00
      0.156    23.6690    23.6747     95.334  92.807009      0.222     5.8043     68.544    8.46797    8.44917 1.3969e+02     4.8940     2.0665    59.6529   997.4174  0.000e+00
      0.157    23.6987    23.7044     95.370  92.898581      0.224     5.8048     68.589    8.46325    8.44443 1.5052e+02     4.8559     2.0751    59.5255   997.4101  0.000e+00
      0.157    23.7203    23.7260     95.328  92.898574      0.224     5.8038     68.605    8.45982    8.44099 1.3826e+02     4.9004     2.0757    59.5167   997.4049  0.000e+00
      0.159    23.7359    23.7416     95.203  92.806989      0.227     5.8010     68.592    8.45734    8.43850 1.3083e+02     4.9364     2.0929    59.2605   997.4010  0.000e+00
      0.159    23.7474    23.7531     95.181  92.806986      0.227     5.7982     68.573    8.45552    8.43668 1.3759e+02     4.9597     2.0914    59.2827   997.3982  0.000e+00
      0.158    23.7548    23.7605     95.166  92.806983      0.225     5.7883     68.466    8.45435    8.43550 1.2978e+02     5.0466     2.0978    59.1880   997.3964  0.000e+00
      0.160    23.7574    23.7631     95.255  92.898563      0.228     5.7658     68.203    8.45393    8.43508 1.4385e+02     5.0869     2.0855    59.3701   997.3958  0.000e+00
      0.159    23.7557    23.7614     95.102  92.745929      0.227     5.7354     67.841    8.45421    8.43536 1.3301e+02     5.0360     2.0774    59.4900   997.3961  0.000e+00
      0.159    23.7528    23.7585     95.170  92.806984      0.227     5.7041     67.466    8.45466    8.43581 1.2869e+02     5.0424     2.0850    59.3775   997.3969  0.000e+00
      0.157    23.7503    23.7560     95.112  92.745931      0.224     5.6635     66.984    8.45506    8.43621 1.2766e+02     5.0954     2.0922    59.2709   997.3974  0.000e+00
      0.158    23.7474    23.7531     95.118  92.745932      0.225     5.6209     66.476    8.45552    8.43668 1.3797e+02     5.1102     2.0938    59.2472   997.3982  0.000e+00
      0.160    23.7438    23.7495     95.031  92.654353      0.228     5.5815     66.005    8.45609    8.43725 1.2580e+02     5.1357     2.1200    58.8607   997.3990  0.000e+00
      0.159    23.7398    23.7455     95.039  92.654354      0.227     5.5423     65.537    8.45673    8.43789 1.3553e+02     5.0806     2.0887    59.3227   997.4000  0.000e+00
      0.155    23.7346    23.7403     95.143  92.745936      0.220     5.5086     65.133    8.45755    8.43871 1.4133e+02     5.0106     2.0799    59.4530   997.4013  0.000e+00
      0.158    23.7298    23.7355     94.964  92.562778      0.225     5.4787     64.773    8.45832    8.43949 1.3829e+02     5.0064     2.0697    59.6055   997.4024  0.000e+00
      0.158    23.7253    23.7310     94.973  92.562779      0.225     5.4480     64.405    8.45903    8.44020 1.6227e+02     4.9746     2.0854    59.3716   997.4035  0.000e+00
      0.156    23.7209    23.7266     95.076  92.654360      0.222     5.4242     64.118    8.45972    8.44089 1.3902e+02     4.9322     2.0838    59.3952   997.4046  0.000e+00
      0.157    23.7152    23.7209     95.024  92.593309      0.224     5.4020     63.849    8.46063    8.44181 1.5271e+02     4.9152     2.0983    59.1806   997.4060  0.000e+00
      0.157    23.7082    23.7139     95.006  92.562784      0.224     5.3809     63.591    8.46174    8.44292 1.4247e+02     4.9237     2.1053    59.0769   997.4077  0.000e+00
      0.155    23.7012    23.7069     95.114  92.654366      0.220     5.3622     63.362    8.46286    8.44404 1.3522e+02     4.9216     2.0878    59.3360   997.4094  0.000e+00
      0.158    23.6957    23.7014     95.031  92.562788      0.225     5.3334     63.015    8.46372    8.44491 1.6845e+02     4.9385     2.1074    59.0458   997.4107  0.000e+00
      0.157    23.6924    23.6980     95.037  92.562789      0.224     5.3212     62.867    8.46426    8.44545 1.3829e+02     5.0318     2.0947    59.2339   997.4116  0.000e+00
      0.159    23.6896    23.6953     95.043  92.562790      0.227     5.3059     62.683    8.46470    8.44589 1.8458e+02     5.0276     2.0820    59.4219   997.4123  0.000e+00
      0.160    23.6861    23.6918     94.956  92.471212      0.228     5.2951     62.551    8.46526    8.44645 1.5292e+02     5.0678     2.0990    59.1702   997.4131  0.000e+00
      0.158    23.6811    23.6868     94.903  92.410161      0.225     5.2816     62.385    8.46605    8.44725 1.2854e+02     5.1145     2.0811    59.4352   997.4143  0.000e+00
      0.155    23.6758    23.6814     94.976  92.471215      0.220     5.2684     62.223    8.46690    8.44810 1.3349e+02     5.1230     2.0873    59.3434   997.4156  0.000e+00
      0.157    23.6707    23.6764     94.986  92.471216      0.224     5.2542     62.050    8.46771    8.44891 1.4352e+02     5.0869     2.0992    59.1672   997.4168  0.000e+00
      0.158    23.6667    23.6723     94.931  92.410165      0.225     5.2438     61.923    8.46835    8.44955 1.2734e+02     5.0424     2.0858    59.3656   997.4178  0.000e+00
      0.158    23.6632    23.6689     94.938  92.410166      0.225     5.2350     61.815    8.46890    8.45011 1.3398e+02     5.0912     2.1062    59.0636   997.4186  0.000e+00
      0.156    23.6598    23.6655     94.944  92.410167      0.222     5.2219     61.656    8.46944    8.45065 1.9573e+02     5.0869     2.0884    59.3271   997.4195  0.000e+00
      0.155    23.6564    23.6621     94.951  92.410168      0.220     5.2097     61.508    8.46998    8.45119 1.7055e+02     5.0085     2.1014    59.1347   997.4203  0.000e+00
      0.157    23.6523    23.6580     94.959  92.410169      0.224     5.2006     61.396    8.47063    8.45184 1.3674e+02     5.0000     2.1071    59.0503   997.4213  0.000e+00
      0.162    23.6495    23.6552     94.870  92.318592      0.230     5.1892     61.258    8.47107    8.45229 1.5529e+02     4.9619     2.1015    59.1332   997.4220  0.000e+00
      0.158    23.6470    23.6526     94.969  92.410171      0.225     5.1801     61.148    8.47148    8.45270 1.9164e+02     4.9831     2.1008    59.1435   997.4226  0.000e+00
      0.156    23.6443    23.6500     94.880  92.318593      0.222     5.1698     61.023    8.47191    8.45313 1.4534e+02     4.9597     2.1006    59.1465   997.4232  0.000e+00
      0.157    23.6409    23.6466     94.887  92.318594      0.224     5.1606     60.911    8.47245    8.45367 1.5936e+02     4.9809     2.0939    59.2457   997.4240  0.000e+00
      0.156    23.6365    23.6422     94.801  92.227018      0.222     5.1499     60.780    8.47315    8.45437 1.4172e+02     5.0509     2.0958    59.2176   997.4251  0.000e+00
      0.156    23.6309    23.6366     94.907  92.318597      0.222     5.1389     60.643    8.47404    8.45526 1.3152e+02     5.0700     2.0938    59.2472   997.4265  0.000e+00
      0.157    23.6257    23.6313     94.823  92.227021      0.224     5.1273     60.500    8.47488    8.45610 1.5852e+02     5.1060     2.0939    59.2457   997.4277  0.000e+00
      0.158    23.6210    23.6267     94.926  92.318600      0.225     5.1136     60.333    8.47561    8.45684 1.3035e+02     5.1251     2.1045    59.0888   997.4289  0.000e+00
      0.157    23.6172    23.6229     94.839  92.227023      0.224     5.1019     60.190    8.47622    8.45745 1.3267e+02     5.0678     2.1115    58.9851   997.4298  0.000e+00
      0.158    23.6134    23.6190     94.847  92.227025      0.225     5.0866     60.006    8.47683    8.45807 1.4514e+02     5.0276     2.1085    59.0295   997.4307  0.000e+00
      0.157    23.6089    23.6146     94.949  92.318604      0.224     5.0751     59.865    8.47754    8.45878 1.3864e+02     4.9958     2.1004    59.1495   997.4318  0.000e+00
      0.156    23.6039    23.6096     94.802  92.165976      0.222     5.0644     59.733    8.47834    8.45958 1.6054e+02     5.0360     2.1005    59.1480   997.4330  0.000e+00
      0.158    23.5993    23.6050     94.874  92.227029      0.225     5.0523     59.585    8.47907    8.46032 1.4779e+02     5.0700     2.0914    59.2827   997.4341  0.000e+00
      0.156    23.5961    23.6018     94.880  92.227030      0.222     5.0401     59.438    8.47958    8.46083 1.3457e+02     4.9979     2.1022    59.1228   997.4349  0.000e+00
      0.157    23.5932    23.5988     94.886  92.227031      0.224     5.0273     59.284    8.48005    8.46130 1.4326e+02     4.9682     2.0951    59.2279   997.4356  0.000e+00
      0.158    23.5908    23.5964     94.891  92.227031      0.225     5.0223     59.222    8.48043    8.46168 1.9953e+02     4.9619     2.1062    59.0636   997.4362  0.000e+00
      0.157    23.5885    23.5941     94.832  92.165980      0.224     5.0115     59.092    8.48080    8.46205 1.5004e+02     5.0339     2.1111    58.9910   997.4368  0.000e+00
      0.158    23.5852    23.5908     94.902  92.227033      0.225     5.0063     59.028    8.48133    8.46258 1.5461e+02     4.9936     2.1054    59.0754   997.4376  0.000e+00
      0.155    23.5812    23.5868     94.847  92.165982      0.220     4.9964     58.906    8.48197    8.46322 1.3775e+02     4.9831     2.0933    59.2546   997.4385  0.000e+00
      0.154    23.5762    23.5819     94.919  92.227036      0.219     4.9876     58.797    8.48276    8.46402 1.4471e+02     4.9809     2.0928    59.2620   997.4398  0.000e+00
      0.155    23.5714    23.5771     94.929  92.227037      0.220     4.9798     58.699    8.48353    8.46478 1.3915e+02     4.9767     2.0811    59.4352   997.4409  0.000e+00
      0.155    23.5670    23.5726     94.874  92.165987      0.220     4.9662     58.534    8.48424    8.46550 1.5087e+02     5.0466     2.0857    59.3671   997.4420  0.000e+00
      0.157    23.5629    23.5685     94.820  92.104936      0.224     4.9533     58.378    8.48489    8.46615 1.4929e+02     5.1548     2.1342    58.6520   997.4430  0.000e+00
      0.155    23.5590    23.5646     94.890  92.165989      0.220     4.9391     58.206    8.48551    8.46678 1.4052e+02     5.1654     2.0946    59.2353   997.4439  0.000e+00
      0.155    23.5553    23.5610     94.960  92.227042      0.220     4.9281     58.072    8.48609    8.46736 1.3581e+02     5.1442     2.0937    59.2487   997.4448  0.000e+00
      0.156    23.5517    23.5573     94.904  92.165991      0.222     4.9138     57.900    8.48667    8.46795 1.3140e+02     5.1187     2.0928    59.2620   997.4457  0.000e+00
      0.156    23.5477    23.5533     94.912  92.165992      0.222     4.9056     57.799    8.48731    8.46859 1.5129e+02     5.1039     2.0901    59.3020   997.4467  0.000e+00
      0.160    23.5444    23.5500     94.824  92.074416      0.228     4.8958     57.680    8.48784    8.46912 1.4658e+02     5.1908     2.0900    59.3034   997.4475  0.000e+00
      0.158    23.5415    23.5471     94.830  92.074417      0.225     4.8860     57.562    8.48831    8.46959 1.2946e+02     5.1548     2.1018    59.1287   997.4482  0.000e+00
      0.155    23.5383    23.5439     94.931  92.165995      0.220     4.8796     57.483    8.48882    8.47010 1.3959e+02     5.1929     2.0927    59.2635   997.4490  0.000e+00
      0.158    23.5347    23.5404     94.843  92.074419      0.225     4.8694     57.359    8.48939    8.47067 1.6818e+02     5.2353     2.0873    59.3434   997.4498  0.000e+00
      0.158    23.5317    23.5373     94.849  92.074420      0.225     4.8550     57.185    8.48987    8.47115 1.5070e+02     5.2396     2.0932    59.2561   997.4505  0.000e+00
      0.159    23.5287    23.5343     94.855  92.074421      0.227     4.8507     57.132    8.49035    8.47163 1.4136e+02     5.1802     2.0908    59.2916   997.4513  0.000e+00
      0.165    23.5257    23.5314     94.861  92.074422      0.234     4.8395     56.996    8.49082    8.47210 1.5073e+02     5.1929     2.1137    58.9525   997.4520  0.000e+00
      0.162    23.5227    23.5284     94.867  92.074423      0.230     4.8332     56.919    8.49130    8.47259 1.3457e+02     5.1675     2.1109    58.9940   997.4527  0.000e+00
      0.162    23.5193    23.5249     94.873  92.074424      0.230     4.8220     56.783    8.49185    8.47314 1.4551e+02     5.1272     2.1130    58.9629   997.4536  0.000e+00
      0.160    23.5162    23.5219     94.879  92.074424      0.228     4.8119     56.662    8.49233    8.47363 1.7891e+02     5.0975     2.0923    59.2694   997.4543  0.000e+00
      0.159    23.5146    23.5203     94.882  92.074425      0.227     4.8027     56.552    8.49259    8.47388 1.5704e+02     5.1548     2.1028    59.1139   997.4547  0.000e+00
      0.159    23.5146    23.5203     94.977  92.166002      0.227     4.7923     56.429    8.49259    8.47388 1.6336e+02     5.2523     2.0938    59.2472   997.4547  0.000e+00
      0.158    23.5148    23.5205     94.788  91.982848      0.225     4.7742     56.217    8.49256    8.47386 2.0537e+02     5.2374     2.0856    59.3686   997.4546  0.000e+00
      0.163    23.5138    23.5194     94.884  92.074425      0.231     4.7609     56.059    8.49273    8.47403 1.3356e+02     5.2353     2.0835    59.3997   997.4549  0.000e+00
      0.164    23.5112    23.5168     94.921  92.104952      0.233     4.7513     55.943    8.49314    8.47444 1.5575e+02     5.2523     2.0956    59.2205   997.4555  0.000e+00
      0.163    23.5082    23.5138     94.895  92.074427      0.231     4.7370     55.772    8.49362    8.47492 1.4481e+02     5.2480     2.0908    59.2916   997.4563  0.000e+00
      0.158    23.5065    23.5121     94.898  92.074427      0.225     4.7235     55.610    8.49389    8.47519 1.7826e+02     5.1802     2.0991    59.1687   997.4566  0.000e+00
      0.157    23.5067    23.5123     94.898  92.074427      0.224     4.7159     55.521    8.49387    8.47516 1.5640e+02     5.2035     2.0815    59.4293   997.4566  0.000e+00
      0.158    23.5075    23.5131     94.896  92.074427      0.225     4.7011     55.348    8.49374    8.47504 1.6977e+02     5.2056     2.0827    59.4115   997.4564  0.000e+00
      0.159    23.5070    23.5127     94.897  92.074427      0.227     4.6908     55.226    8.49381    8.47511 1.5310e+02     5.0933     2.0943    59.2398   997.4565  0.000e+00
      0.160    23.5052    23.5108     94.901  92.074428      0.228     4.6759     55.048    8.49411    8.47541 1.5454e+02     5.1208     2.0816    59.4278   997.4570  0.000e+00
      0.162    23.5018    23.5074     94.908  92.074429      0.230     4.6645     54.911    8.49465    8.47595 2.3365e+02     5.1314     2.0941    59.2427   997.4578  0.000e+00
      0.163    23.4986    23.5042     94.914  92.074430      0.231     4.6516     54.756    8.49516    8.47646 1.5317e+02     5.1590     2.0864    59.3568   997.4586  0.000e+00
      0.162    23.4961    23.5017     94.824  91.982854      0.230     4.6394     54.610    8.49556    8.47686 1.4864e+02     5.1972     2.0869    59.3493   997.4591  0.000e+00
      0.163    23.4945    23.5002     94.922  92.074431      0.231     4.6295     54.491    8.49581    8.47711 1.6437e+02     5.1823     2.0815    59.4293   997.4596  0.000e+00
      0.162    23.4926    23.4982     94.926  92.074432      0.230     4.6192     54.368    8.49612    8.47743 1.5142e+02     5.2544     2.0799    59.4530   997.4600  0.000e+00
      0.162    23.4898    23.4955     94.931  92.074432      0.230     4.6083     54.238    8.49656    8.47787 1.7522e+02     5.2841     2.0842    59.3893   997.4607  0.000e+00
