data/ctd_cnv_files/2024.02.09 Okaro 1 134.cnv
* Sea-Bird SBE19plus Data File:
* FileName = C:\Users\instrument\Desktop\Iola Rosa. CTD Casts\February 2024\Feb134.hex
* Software Version 1.59
* Temperature SN =  4268
* Conductivity SN =  4268
* System UpLoad Time = Feb 26 2024 13:52:23
* ds
* SeacatPlus V 1.6  SERIAL NO. 4268    26 Feb 2024  13:53:56
# nquan = 16
# nvalues = 580                                   
# units = specified
# name 0 = depFM: Depth [fresh water, m]
# name 1 = tv290C: Temperature [ITS-90, deg C]
# name 2 = tv268C: Temperature [IPTS-68, deg C]
# name 3 = specc: Specific Conductance [uS/cm]
# name 4 = c0uS/cm: Conductivity [uS/cm]
# name 5 = prdE: Pressure, Strain Gauge [psi]
# name 6 = sbeox0Mg/L: Oxygen, SBE 43 [mg/l]
# name 7 = sbeox0PS: Oxygen, SBE 43 [% saturation]
# name 8 = oxsolMg/L: Oxygen Saturation, Garcia & Gordon [mg/l]
# name 9 = oxsatMg/L: Oxygen Saturation, Weiss [mg/l]
# name 10 = par: PAR/Irradiance, Biospherical/Licor
# name 11 = flCM: Fluorescence, Chelsea Mini Chl Con [ug/l]
# name 12 = bat: Beam Attenuation, Chelsea/Seatech [1/m]
# name 13 = xmiss: Beam Transmission, Chelsea/Seatech [%]
# name 14 = density00: Density [density, kg/m^3]
# name 15 = flag:  0.000e+00
# span 0 =     -0.703,     16.017                 
# span 1 =     9.7894,    23.9626                 
# span 2 =     9.7918,    23.9684                 
# span 3 =      1.563,    265.511                 
# span 4 =   1.525912, 184.849615                 
# span 5 =     -1.000,     22.781                 
# span 6 =    -0.7182,     8.4958                 
# span 7 =     -6.946,    100.701                 
# span 8 =    8.42147,   11.34080                 
# span 9 =    8.40250,   11.32973                 
# span 10 = 1.0992e-01, 1.0837e+02                
# span 11 =    -0.3612,    30.2543                
# span 12 =     1.1655,     4.5664                
# span 13 =    31.9311,    74.7242                
# span 14 =   997.3447,   999.8917                
# span 15 = 0.0000e+00, 0.0000e+00                
# interval = seconds: 0.25
# start_time = Feb 09 2024 09:02:10 [Instrument's time stamp, header]
# bad_flag = -9.990e-29
*END*
[from data line 362]
      4.571    21.2465    21.2516     95.347  88.198717      6.502     7.5919     85.595    8.86955    8.85238 9.5296e+00     3.4567     1.5827    67.3225   997.9977  0.000e+00
      4.636    21.2218    21.2269     95.332  88.137685      6.594     7.5905     85.538    8.87382    8.85667 9.4926e+00     3.5691     1.5976    67.0723   998.0034  0.000e+00
      4.682    21.1890    21.1940     95.201  87.954575      6.659     7.5874     85.449    8.87951    8.86238 9.2924e+00     3.6072     1.5962    67.0960   998.0108  0.000e+00
      4.718    21.1580    21.1631     95.265  87.954585      6.711     7.5688     85.187    8.88488    8.86777 9.1007e+00     3.8192     1.6176    66.7377   998.0177  0.000e+00
      4.779    21.1303    21.1354     95.256  87.893554      6.797     7.5486     84.914    8.88967    8.87258 8.9702e+00     3.8383     1.6276    66.5719   998.0240  0.000e+00
      4.846    21.0967    21.1017     95.326  87.893564      6.892     7.5156     84.488    8.89551    8.87845 8.6553e+00     3.8595     1.6217    66.6696   998.0317  0.000e+00
      4.905    21.0552    21.0603     95.312  87.802017      6.977     7.4847     84.072    8.90272    8.88568 8.5684e+00     4.2284     1.6416    66.3379   998.0410  0.000e+00
      4.939    21.0034    21.0085     95.220  87.618916      7.025     7.4456     83.548    8.91174    8.89474 8.4186e+00     4.3492     1.6179    66.7332   998.0523  0.000e+00
      4.973    20.9485    20.9536     95.168  87.466337      7.074     7.4119     83.081    8.92131    8.90436 8.3094e+00     4.4192     1.6407    66.3542   998.0644  0.000e+00
      5.014    20.8986    20.9036     95.172  87.374794      7.131     7.3801     82.644    8.93005    8.91313 8.2241e+00     4.6523     1.6370    66.4149   998.0753  0.000e+00
      5.059    20.8465    20.8515     95.214  87.313772      7.195     7.3519     82.244    8.93917    8.92229 8.0636e+00     5.0678     1.6178    66.7347   998.0868  0.000e+00
      5.102    20.7830    20.7880     95.079  87.069641      7.256     7.3185     81.768    8.95030    8.93347 8.0636e+00     5.1039     1.6482    66.2298   998.1005  0.000e+00
      5.156    20.6985    20.7035     94.888  86.733966      7.333     7.2821     81.227    8.96518    8.94841 7.7716e+00     4.9322     1.6466    66.2550   998.1188  0.000e+00
      5.223    20.5970    20.6019     94.731  86.398300      7.428     7.2270     80.451    8.98310    8.96640 7.5004e+00     4.8410     1.6437    66.3039   998.1407  0.000e+00
      5.283    20.4705    20.4754     94.357  85.818513      7.514     7.1729     79.650    9.00552    8.98891 7.3339e+00     4.8241     1.6788    65.7249   998.1676  0.000e+00
      5.330    20.3135    20.3184     94.314  85.482878      7.581     7.0929     78.518    9.03348    9.01699 7.1710e+00     4.7414     1.6781    65.7353   998.2009  0.000e+00
      5.380    20.1458    20.1506     94.225  85.086220      7.652     6.9788     76.999    9.06353    9.04717 7.0424e+00     4.7986     1.6461    66.2639   998.2361  0.000e+00
      5.430    19.9831    19.9879     93.820  84.414935      7.724     6.8294     75.107    9.09285    9.07661 7.0763e+00     4.7668     1.6482    66.2298   998.2699  0.000e+00
      5.483    19.7912    19.7960     93.404  83.682654      7.799     6.6698     73.072    9.12765    9.11155 6.7563e+00     4.6969     1.6417    66.3364   998.3093  0.000e+00
      5.536    19.5575    19.5622     93.415  83.255535      7.874     6.5249     71.152    9.17036    9.15443 6.7780e+00     4.6481     1.6772    65.7501   998.3570  0.000e+00
      5.586    19.3303    19.3350     93.446  82.858934      7.946     6.3917     69.383    9.21222    9.19646 6.4833e+00     4.5082     1.6770    65.7545   998.4028  0.000e+00
      5.635    19.1209    19.1255     92.957  82.035178      8.014     6.3056     68.161    9.25112    9.23552 6.5056e+00     4.5548     1.6769    65.7560   998.4443  0.000e+00
      5.690    18.9010    18.9055     92.971  81.638599      8.092     6.3147     67.957    9.29228    9.27685 6.2800e+00     4.6481     1.6704    65.8626   998.4876  0.000e+00
      5.741    18.6658    18.6703     92.913  81.150501      8.166     6.4455     69.035    9.33667    9.32141 6.1420e+00     4.8219     1.6796    65.7116   998.5333  0.000e+00
      5.797    18.4291    18.4335     92.752  80.570888      8.246     6.6681     71.075    9.38173    9.36665 6.0443e+00     4.7880     1.7064    65.2719   998.5787  0.000e+00
      5.854    18.1801    18.1844     92.616  79.991294      8.327     6.9490     73.694    9.42957    9.41467 5.8696e+00     4.7414     1.6997    65.3814   998.6258  0.000e+00
      5.917    17.9098    17.9141     92.809  79.655780      8.416     7.2350     76.303    9.48199    9.46728 5.8014e+00     4.7838     1.7063    65.2748   998.6763  0.000e+00
      5.962    17.6548    17.6590     92.899  79.259253      8.480     7.4647     78.313    9.53191    9.51739 5.5390e+00     5.1484     1.7338    64.8277   998.7230  0.000e+00
      6.009    17.4134    17.4176     93.140  79.015262      8.547     7.5530     78.844    9.57962    9.56527 5.5301e+00     5.3540     1.7209    65.0364   998.7667  0.000e+00
      6.058    17.2142    17.2184     93.471  78.923794      8.616     7.4542     77.493    9.61929    9.60508 5.5149e+00     5.6296     1.7471    64.6115   998.8024  0.000e+00
      6.108    17.0312    17.0353     93.406  78.527261      8.688     7.1474     74.020    9.65603    9.64195 5.3054e+00     6.0748     1.7784    64.1081   998.8346  0.000e+00
      6.151    16.8348    16.8388     93.335  78.100234      8.749     6.6616     68.707    9.69574    9.68180 5.2150e+00     6.3101     1.8633    62.7622   998.8688  0.000e+00
      6.189    16.6231    16.6271     93.699  78.008772      8.803     6.0433     62.053    9.73884    9.72504 5.2150e+00     6.7786     1.9217    61.8516   998.9052  0.000e+00
      6.233    16.4318    16.4357     93.838  77.764782      8.866     5.3328     54.538    9.77811    9.76444 5.0170e+00     7.4888     2.0142    60.4376   998.9377  0.000e+00
      6.288    16.2495    16.2534     94.068  77.612305      8.944     4.5830     46.691    9.81578    9.80223 4.8364e+00     7.2853     2.1090    59.0221   998.9684  0.000e+00
      6.336    16.0384    16.0422     93.957  77.124292      9.011     3.8012     38.553    9.85975    9.84634 4.7485e+00     7.0648     2.1724    58.0938   999.0032  0.000e+00
      6.376    15.7775    15.7813     94.035  76.697308      9.069     3.0306     30.567    9.91458    9.90133 4.6144e+00     8.0654     2.2183    57.4319   999.0455  0.000e+00
      6.426    15.5152    15.5189     94.343  76.453350      9.139     2.3037     23.106    9.97026    9.95717 4.4790e+00     9.7359     2.2612    56.8190   999.0874  0.000e+00
      6.481    15.2566    15.2603     94.040  75.721359      9.218     1.6290     16.249   10.02570   10.01277 4.3436e+00    12.2819     2.3675    55.3294   999.1277  0.000e+00
      6.511    14.9814    14.9850     94.496  75.568918      9.261     1.0160     10.074   10.08529   10.07252 4.3188e+00    15.6334     2.3405    55.7040   999.1699  0.000e+00
      6.534    14.7581    14.7617     94.797  75.385965      9.294     0.4742      4.679   10.13412   10.12148 4.2481e+00    17.6431     2.4767    53.8384   999.2034  0.000e+00
      6.578    14.6145    14.6180     94.641  74.989487      9.357     0.0314      0.309   10.16578   10.15322 3.9650e+00    19.5255     2.5323    53.0952   999.2247  0.000e+00
      6.640    14.4545    14.4580     93.981  74.166023      9.444    -0.3035     -2.975   10.20124   10.18877 3.7228e+00    21.8850     2.4628    54.0265   999.2480  0.000e+00
      6.707    14.2455    14.2490     93.976  73.769584      9.540    -0.5262     -5.134   10.24788   10.23552 3.5277e+00    24.9546     2.4827    53.7585   999.2782  0.000e+00
      6.766    14.0241    14.0275     94.080  73.434153      9.624    -0.6699     -6.506   10.29773   10.28548 3.3596e+00    27.6193     2.5737    52.5488   999.3096  0.000e+00
      6.822    13.8379    13.8412     94.099  73.098717      9.704    -0.7182     -6.946   10.33998   10.32782 3.3085e+00    28.6326     2.4859    53.7156   999.3356  0.000e+00
      6.871    13.6755    13.6787     94.179  72.854774      9.772    -0.7048     -6.792   10.37708   10.36500 3.1530e+00    28.9273     2.4169    54.6498   999.3579  0.000e+00
      6.919    13.5339    13.5371     94.090  72.519337      9.841    -0.6358     -6.108   10.40962   10.39760 2.9816e+00    29.2898     2.3923    54.9874   999.3771  0.000e+00
      6.965    13.4192    13.4224     94.054  72.275390      9.907    -0.5338     -5.115   10.43612   10.42415 2.9389e+00    30.0678     2.4446    54.2723   999.3925  0.000e+00
      6.989    13.3138    13.3170     94.113  72.122931      9.941    -0.4162     -3.979   10.46056   10.44864 2.9382e+00    30.2543     2.3818    55.1310   999.4065  0.000e+00
      7.023    13.2393    13.2424     94.297  72.122949      9.990    -0.3032     -2.893   10.47792   10.46604 2.7733e+00    29.7329     2.3329    55.8092   999.4164  0.000e+00
      7.079    13.1837    13.1868     93.875  71.696016     10.069    -0.1887     -1.799   10.49091   10.47905 2.6334e+00    29.1626     2.1606    58.2655   999.4237  0.000e+00
      7.151    13.1103    13.1134     93.656  71.391077     10.171    -0.0908     -0.864   10.50810   10.49627 2.4873e+00    26.5233     2.0797    59.4560   999.4334  0.000e+00
      7.207    13.0117    13.0148     93.458  71.055654     10.251    -0.0026     -0.025   10.53125   10.51945 2.4444e+00    23.9922     2.0605    59.7432   999.4461  0.000e+00
      7.256    12.9056    12.9087     93.599  70.964194     10.321     0.0832      0.788   10.55627   10.54452 2.4055e+00    21.7260     2.0151    60.4243   999.4598  0.000e+00
      7.308    12.8103    12.8133     93.512  70.720259     10.394     0.1485      1.404   10.57884   10.56713 2.2951e+00    18.9002     2.0289    60.2170   999.4719  0.000e+00
      7.345    12.7061    12.7092     93.245  70.323860     10.448     0.2168      2.044   10.60360   10.59193 2.2700e+00    17.1067     1.9743    61.0447   999.4849  0.000e+00
      7.379    12.5954    12.5984     93.398  70.232404     10.496     0.2725      2.563   10.63003   10.61840 2.2029e+00    15.3112     1.9266    61.7761   999.4986  0.000e+00
      7.419    12.5051    12.5081     93.501  70.140944     10.552     0.3201      3.005   10.65168   10.64008 2.1387e+00    13.6704     1.9635    61.2090   999.5098  0.000e+00
      7.471    12.4280    12.4310     93.368  69.897015     10.626     0.3672      3.441   10.67022   10.65864 2.0874e+00    12.3603     1.9329    61.6799   999.5192  0.000e+00
      7.543    12.3542    12.3571     93.430  69.805553     10.729     0.4195      3.925   10.68804   10.67649 1.9771e+00    10.9675     1.8954    62.2603   999.5284  0.000e+00
      7.633    12.2688    12.2718     93.317  69.561629     10.857     0.4631      4.324   10.70869   10.69717 1.9037e+00     9.8694     1.8377    63.1649   999.5389  0.000e+00
      7.708    12.1564    12.1593     93.394  69.409192     10.963     0.5100      4.751   10.73601   10.72453 1.8289e+00     8.9176     1.8322    63.2523   999.5524  0.000e+00
      7.756    12.0065    12.0094     93.649  69.317749     11.032     0.5550      5.152   10.77261   10.76118 1.8184e+00     7.9933     1.8336    63.2301   999.5700  0.000e+00
      7.794    11.8487    11.8515     93.967  69.256800     11.085     0.5979      5.530   10.81139   10.80000 1.7744e+00     7.2895     1.8278    63.3219   999.5881  0.000e+00
      7.829    11.7191    11.7220     94.299  69.256829     11.135     0.6321      5.829   10.84341   10.83205 1.7720e+00     6.8316     1.8192    63.4581   999.6028  0.000e+00
      7.863    11.6174    11.6201     94.436  69.165376     11.184     0.6647      6.116   10.86869   10.85736 1.7235e+00     6.5115     1.8040    63.6994   999.6142  0.000e+00
      7.906    11.5363    11.5390     94.521  69.073918     11.245     0.6778      6.224   10.88890   10.87759 1.6577e+00     6.3059     1.8066    63.6580   999.6233  0.000e+00
      7.955    11.4754    11.4782     94.804  69.165408     11.315     0.6795      6.231   10.90410   10.89280 1.6168e+00     6.0366     1.8116    63.5780   999.6302  0.000e+00
      8.007    11.4170    11.4198     94.830  69.073945     11.388     0.6695      6.132   10.91874   10.90745 1.5958e+00     5.6508     1.8069    63.6535   999.6367  0.000e+00
      8.058    11.3567    11.3594     94.778  68.921500     11.462     0.6333      5.792   10.93391   10.92264 1.5554e+00     5.4452     1.8118    63.5751   999.6433  0.000e+00
      8.114    11.2945    11.2972     95.150  69.073974     11.541     0.5870      5.361   10.94955   10.93830 1.5146e+00     5.2586     1.8132    63.5529   999.6503  0.000e+00
      8.170    11.2320    11.2347     95.231  69.013004     11.621     0.5170      4.715   10.96534   10.95410 1.4517e+00     5.0890     1.8387    63.1486   999.6571  0.000e+00
      8.220    11.1670    11.1697     95.275  68.921543     11.691     0.4416      4.021   10.98178   10.97055 1.4266e+00     5.1760     1.8705    62.6482   999.6641  0.000e+00
      8.272    11.1027    11.1054     95.318  68.830082     11.765     0.3658      3.326   10.99811   10.98690 1.3581e+00     4.9873     1.9578    61.2964   999.6710  0.000e+00
      8.336    11.0438    11.0465     95.474  68.830096     11.857     0.2906      2.639   11.01309   11.00189 1.3331e+00     4.9216     2.0277    60.2348   999.6774  0.000e+00
      8.397    10.9850    10.9877     95.884  69.013061     11.943     0.2227      2.019   11.02807   11.01688 1.2836e+00     4.9004     2.0897    59.3079   999.6838  0.000e+00
      8.454    10.9236    10.9262     95.921  68.921599     12.024     0.1737      1.573   11.04378   11.03260 1.2571e+00     4.9703     2.1807    57.9738   999.6902  0.000e+00
      8.505    10.8651    10.8677     95.822  68.738662     12.096     0.1515      1.370   11.05878   11.04761 1.2058e+00     5.1548     2.2440    57.0633   999.6963  0.000e+00
      8.568    10.8117    10.8143     95.965  68.738674     12.187     0.1316      1.188   11.07250   11.06133 1.1434e+00     5.2692     2.2859    56.4695   999.7019  0.000e+00
      8.641    10.7628    10.7654     96.097  68.738686     12.290     0.1268      1.144   11.08508   11.07392 1.0618e+00     5.6021     2.3397    55.7144   999.7071  0.000e+00
      8.704    10.7134    10.7159     95.888  68.494766     12.381     0.1302      1.173   11.09785   11.08670 1.0497e+00     5.9603     2.3801    55.1547   999.7122  0.000e+00
      8.751    10.6644    10.6670     95.934  68.433794     12.446     0.1330      1.197   11.11050   11.09935 1.0089e+00     6.1045     2.4028    54.8423   999.7172  0.000e+00
      8.799    10.6211    10.6237     96.051  68.433804     12.515     0.1482      1.332   11.12171   11.11058 9.7930e-01     6.3652     2.4422    54.3048   999.7216  0.000e+00
      8.859    10.5858    10.5884     95.889  68.250866     12.601     0.1584      1.423   11.13087   11.11974 9.5274e-01     6.4988     2.5162    53.3099   999.7252  0.000e+00
      8.917    10.5544    10.5570     96.103  68.342347     12.682     0.1615      1.450   11.13902   11.12790 9.2435e-01     6.7998     2.5263    53.1751   999.7286  0.000e+00
      8.963    10.5234    10.5259     96.058  68.250881     12.748     0.1631      1.463   11.14711   11.13598 8.7509e-01     7.2005     2.5587    52.7457   999.7317  0.000e+00
      9.008    10.4952    10.4977     96.134  68.250887     12.812     0.1671      1.498   11.15444   11.14331 8.4456e-01     7.4972     2.6151    52.0084   999.7347  0.000e+00
      9.064    10.4709    10.4734     96.200  68.250893     12.892     0.1781      1.596   11.16079   11.14967 8.1883e-01     7.7410     2.6798    51.1733   999.7372  0.000e+00
