data/ctd_cnv_files/2024.02.24 Okaro 2 144.cnv
* Sea-Bird SBE19plus Data File:
* FileName = C:\Users\instrument\Desktop\Iola Rosa. CTD Casts\February 2024\Feb144.hex
* Software Version 1.59
* Temperature SN =  4268
* Conductivity SN =  4268
* System UpLoad Time = Feb 26 2024 14:00:28
* ds
* SeacatPlus V 1.6  SERIAL NO. 4268    26 Feb 2024  13:53:56
# nquan = 16
# nvalues = 841                                   
# units = specified
# name 0 = depFM: Depth [fresh water, m]
# name 1 = tv290C: Temperature [ITS-90, deg C]
# name 2 = tv268C: Temperature [IPTS-68, deg C]
# name 3 = specc: Specific Conductance [uS/cm]
# name 4 = c0uS/cm: Conductivity [uS/cm]
# name 5 = prdE: Pressure, Strain Gauge [psi]
# name 6 = sbeox0Mg/L: Oxygen, SBE 43 [mg/l]
# name 7 = sbeox0PS: Oxygen, SBE 43 [% saturation]
# name 8 = oxsolMg/L: Oxygen Saturation, Garcia & Gordon [mg/l]
# name 9 = oxsatMg/L: Oxygen Saturation, Weiss [mg/l]
# name 10 = par: PAR/Irradiance, Biospherical/Licor
# name 11 = flCM: Fluorescence, Chelsea Mini Chl Con [ug/l]
# name 12 = bat: Beam Attenuation, Chelsea/Seatech [1/m]
# name 13 = xmiss: Beam Transmission, Chelsea/Seatech [%]
# name 14 = density00: Density [density, kg/m^3]
# name 15 = flag:  0.000e+00
# span 0 =     -0.638,     14.916                 
# span 1 =     9.8431,    23.2107                 
# span 2 =     9.8455,    23.2163                 
# span 3 =     -1.528,    207.721                 
# span 4 =  -1.451909, 197.449371                 
# span 5 =     -0.908,     21.215                 
# span 6 =    -0.2457,     9.6045                 
# span 7 =     -2.393,    112.445                 
# span 8 =    8.54138,   11.32645                 
# span 9 =    8.52286,   11.31537                 
# span 10 = 1.3056e-01, 3.1487e+02                
# span 11 =    -0.3612,    41.9901                
# span 12 =     1.2553,    15.2000                
# span 13 =     2.2371,    73.0644                
# span 14 =   997.5281,   999.8237                
# span 15 = 0.0000e+00, 0.0000e+00                
# interval = seconds: 0.25
# start_time = Feb 22 2024 12:57:07 [Instrument's time stamp, header]
# bad_flag = -9.990e-29
*END*
[from data line 814]
     14.529     9.8479     9.8503    103.564  72.184789     20.665     0.0930      0.821   11.32517   11.31409 1.3346e-01     2.1127     3.5754    40.9081   999.8217  0.000e+00
     14.550     9.8477     9.8501    103.565  72.184789     20.695     0.0897      0.792   11.32523   11.31415 1.3374e-01     2.1127     3.5639    41.0251   999.8218  0.000e+00
     14.591     9.8478     9.8502    103.564  72.184789     20.753     0.0941      0.831   11.32520   11.31412 1.3618e-01     2.1509     3.5806    40.8548   999.8220  0.000e+00
     14.635     9.8478     9.8501    103.696  72.276281     20.815     0.0926      0.818   11.32521   11.31413 1.3500e-01     2.1487     3.6127    40.5276   999.8223  0.000e+00
     14.666     9.8468     9.8492    103.699  72.276281     20.861     0.0931      0.822   11.32546   11.31438 1.3481e-01     2.1233     3.6030    40.6268   999.8225  0.000e+00
     14.699     9.8459     9.8483    103.701  72.276281     20.907     0.0886      0.782   11.32571   11.31463 1.3276e-01     2.1233     3.6158    40.4965   999.8227  0.000e+00
     14.739     9.8451     9.8475    103.835  72.367773     20.964     0.0843      0.744   11.32591   11.31483 1.3291e-01     2.1169     3.6236    40.4180   999.8230  0.000e+00
     14.772     9.8444     9.8468    103.925  72.428768     21.011     0.0849      0.749   11.32609   11.31501 1.3056e-01     2.1318     3.6294    40.3588   999.8233  0.000e+00
     14.798     9.8439     9.8463    103.926  72.428769     21.048     0.0866      0.765   11.32623   11.31516 1.3506e-01     2.0724     3.6192    40.4624   999.8234  0.000e+00
     14.819     9.8435     9.8459    103.927  72.428769     21.078     0.0833      0.735   11.32634   11.31526 1.3173e-01     2.0809     3.6334    40.3188   999.8236  0.000e+00
     14.825     9.8432     9.8455    103.841  72.367774     21.086     0.0871      0.769   11.32644   11.31536 1.3309e-01     2.1063     3.6427    40.2255   999.8236  0.000e+00
     14.822     9.8431     9.8455    103.929  72.428769     21.082     0.0898      0.793   11.32645   11.31537 1.3553e-01     2.1275     3.6353    40.2996   999.8236  0.000e+00
     14.827     9.8440     9.8463    103.838  72.367774     21.089     0.0864      0.763   11.32622   11.31514 1.3531e-01     2.1530     3.6334    40.3188   999.8235  0.000e+00
     14.838     9.8457     9.8480    103.921  72.428768     21.104     0.0919      0.812   11.32576   11.31469 1.3404e-01     2.2081     3.6567    40.0849   999.8235  0.000e+00
     14.844     9.8493     9.8517    103.910  72.428768     21.114     0.0892      0.788   11.32478   11.31370 1.3258e-01     2.2187     3.6596    40.0553   999.8232  0.000e+00
     14.849     9.8540     9.8564    103.896  72.428767     21.120     0.0843      0.744   11.32353   11.31246 1.3718e-01     2.2145     3.6639    40.0123   999.8228  0.000e+00
     14.843     9.8569     9.8593    104.019  72.520258     21.112     0.0853      0.753   11.32275   11.31167 1.3264e-01     2.2145     3.6607    40.0449   999.8226  0.000e+00
     14.839     9.8574     9.8598    104.017  72.520258     21.106     0.0842      0.744   11.32261   11.31153 1.3212e-01     2.1721     3.6822    39.8302   999.8225  0.000e+00
     14.841     9.8574     9.8598    103.886  72.428766     21.109     0.0856      0.756   11.32261   11.31154 1.3429e-01     2.1509     3.6936    39.7162   999.8225  0.000e+00
     14.852     9.8566     9.8590    103.888  72.428766     21.125     0.0809      0.715   11.32283   11.31176 1.3432e-01     2.1509     3.7023    39.6303   999.8226  0.000e+00
     14.872     9.8577     9.8600    103.885  72.428766     21.153     0.0799      0.705   11.32255   11.31148 1.3429e-01     2.1615     3.7010    39.6437   999.8226  0.000e+00
     14.893     9.8578     9.8602    104.016  72.520258     21.182     0.0800      0.707   11.32250   11.31142 1.3380e-01     2.2547     3.7027    39.6259   999.8227  0.000e+00
     14.904     9.8548     9.8571    104.025  72.520259     21.198     0.0831      0.734   11.32333   11.31225 1.3487e-01     2.3205     3.7104    39.5504   999.8230  0.000e+00
     14.912     9.8494     9.8518    104.041  72.520260     21.211     0.0777      0.686   11.32476   11.31368 1.3395e-01     2.4307     3.7155    39.5000   999.8236  0.000e+00
     14.909     9.8471     9.8495    103.917  72.428769     21.206     0.0844      0.745   11.32537   11.31430 1.3851e-01     2.4646     3.7141    39.5134   999.8237  0.000e+00
     14.912     9.8481     9.8504    104.045  72.520261     21.210     0.0809      0.715   11.32512   11.31404 1.3460e-01     2.3841     3.7194    39.4615   999.8237  0.000e+00
     14.916     9.8503     9.8527    104.038  72.520260     21.215     0.0819      0.723   11.32451   11.31344 1.3361e-01     2.3735     3.7468    39.1921   999.8235  0.000e+00
