data/ctd_cnv_files/2024.02.09 Okaro 2 135.cnv
* Sea-Bird SBE19plus Data File:
* FileName = C:\Users\instrument\Desktop\Iola Rosa. CTD Casts\February 2024\Feb135.hex
* Software Version 1.59
* Temperature SN =  4268
* Conductivity SN =  4268
* System UpLoad Time = Feb 26 2024 13:53:03
* ds
* SeacatPlus V 1.6  SERIAL NO. 4268    26 Feb 2024  13:53:56
# nquan = 16
# nvalues = 464                                   
# units = specified
# name 0 = depFM: Depth [fresh water, m]
# name 1 = tv290C: Temperature [ITS-90, deg C]
# name 2 = tv268C: Temperature [IPTS-68, deg C]
# name 3 = specc: Specific Conductance [uS/cm]
# name 4 = c0uS/cm: Conductivity [uS/cm]
# name 5 = prdE: Pressure, Strain Gauge [psi]
# name 6 = sbeox0Mg/L: Oxygen, SBE 43 [mg/l]
# name 7 = sbeox0PS: Oxygen, SBE 43 [% saturation]
# name 8 = oxsolMg/L: Oxygen Saturation, Garcia & Gordon [mg/l]
# name 9 = oxsatMg/L: Oxygen Saturation, Weiss [mg/l]
# name 10 = par: PAR/Irradiance, Biospherical/Licor
# name 11 = flCM: Fluorescence, Chelsea Mini Chl Con [ug/l]
# name 12 = bat: Beam Attenuation, Chelsea/Seatech [1/m]
# name 13 = xmiss: Beam Transmission, Chelsea/Seatech [%]
# name 14 = density00: Density [density, kg/m^3]
# name 15 = flag:  0.000e+00
# span 0 =     -0.619,     16.112                 
# span 1 =     9.7892,    25.0979                 
# span 2 =     9.7915,    25.1039                 
# span 3 =     92.264,    274.075                 
# span 4 =  68.006939, 190.861316                 
# span 5 =     -0.881,     22.917                 
# span 6 =    -0.7435,     8.4958                 
# span 7 =     -7.133,    101.775                 
# span 8 =    8.24597,   11.34090                 
# span 9 =    8.22640,   11.32983                 
# span 10 = 1.4260e-01, 7.9518e+01                
# span 11 =    -0.3612,    24.9652                
# span 12 =     1.5144,    12.1759                
# span 13 =     4.7645,    68.4819                
# span 14 =   997.0619,   999.8950                
# span 15 = 0.0000e+00, 0.0000e+00                
# interval = seconds: 0.25
# start_time = Feb 09 2024 12:05:17 [Instrument's time stamp, header]
# bad_flag = -9.990e-29
*END*
     -0.439    24.5601    24.5660    102.089 101.203336     -0.625     8.0416     96.559    8.32819    8.30889 7.8828e+01    -0.3612    12.0223     4.9511   997.1962  0.000e+00
     -0.326    24.4536    24.4594     97.617  96.561908     -0.464     8.0636     96.631    8.34476    8.32552 7.9518e+01    -0.3612    11.1508     6.1563   997.2220  0.000e+00
     -0.296    24.3623    24.3681     96.839  95.615453     -0.421     8.0884     96.764    8.35894    8.33975 7.7948e+01    -0.3612    12.1759     4.7645   997.2447  0.000e+00
     -0.268    24.3063    24.3121     96.763  95.432285     -0.381     8.1160     96.993    8.36765    8.34849 7.5626e+01    -0.1471     3.6567    40.0849   997.2588  0.000e+00
     -0.212    24.2768    24.2826     97.100  95.707074     -0.301     8.1420     97.250    8.37224    8.35309 7.5142e+01    -0.3612     2.1508    58.4092   997.2665  0.000e+00
     -0.164    24.2634    24.2692     97.375  95.951329     -0.234     8.1834     97.720    8.37433    8.35519 3.9091e+01     0.1645     1.8152    63.5203   997.2702  0.000e+00
     -0.108    24.2591    24.2649     97.290  95.859736     -0.154     8.2240     98.197    8.37500    8.35586 4.5224e+01     0.7009     1.7757    64.1510   997.2715  0.000e+00
     -0.028    24.2582    24.2640     97.447  96.012395     -0.040     8.2765     98.822    8.37514    8.35600 4.4831e+01     0.7899     1.6854    65.6169   997.2721  0.000e+00
      0.022    24.2584    24.2643     98.035  96.592505      0.032     8.3334     99.503    8.37508    8.35595 4.3886e+01     0.8556     1.6771    65.7516   997.2725  0.000e+00
      0.031    24.2765    24.2823     98.836  97.416893      0.044     8.3960    100.283    8.37226    8.35311 4.3327e+01     1.0188     1.6976    65.4170   997.2683  0.000e+00
      0.023    24.3594    24.3652     98.329  97.080999      0.033     8.4442    101.015    8.35937    8.34017 4.3178e+01     0.9955     1.7292    64.9017   997.2474  0.000e+00
      0.016    24.4431    24.4489     97.607  96.531382      0.022     8.4719    101.504    8.34639    8.32715 4.5944e+01     1.2224     1.7083    65.2423   997.2261  0.000e+00
      0.009    24.4685    24.4744     97.125  96.103925      0.013     8.4905    101.775    8.34246    8.32321 4.9815e+01     1.3580     2.1727    58.0908   997.2196  0.000e+00
      0.015    24.4258    24.4316     96.807  95.707029      0.021     8.4958    101.757    8.34909    8.32986 4.3987e+01     1.5361     1.8704    62.6512   997.2302  0.000e+00
      0.033    24.3691    24.3750     96.826  95.615454      0.047     8.4930    101.617    8.35788    8.33868 4.3386e+01     1.6357     1.7014    65.3548   997.2445  0.000e+00
      0.049    24.3329    24.3388     96.897  95.615465      0.069     8.4420    100.938    8.36351    8.34433 4.3158e+01     1.7163     1.6804    65.6983   997.2536  0.000e+00
      0.055    24.3139    24.3197     97.027  95.707065      0.079     8.3159     99.395    8.36647    8.34730 4.5431e+01     1.8074     1.6659    65.9367   997.2585  0.000e+00
      0.049    24.3031    24.3090     97.110  95.768130      0.069     8.1501     97.394    8.36814    8.34898 4.5203e+01     1.8435     1.6515    66.1750   997.2611  0.000e+00
      0.039    24.2951    24.3009     97.064  95.707070      0.055     7.9541     95.039    8.36939    8.35023 4.5892e+01     1.8371     1.6471    66.2476   997.2631  0.000e+00
      0.037    24.2863    24.2921     96.834  95.462825      0.052     7.7279     92.320    8.37077    8.35162 4.3616e+01     1.9071     1.6643    65.9633   997.2652  0.000e+00
      0.044    24.2822    24.2880     96.904  95.523888      0.063     7.4753     89.295    8.37141    8.35226 4.3476e+01     1.9770     1.6594    66.0448   997.2663  0.000e+00
      0.056    24.2821    24.2879     96.997  95.615481      0.080     7.2490     86.592    8.37142    8.35227 4.3386e+01     2.1254     1.6558    66.1040   997.2664  0.000e+00
      0.061    24.2835    24.2893     96.994  95.615481      0.086     7.0652     84.399    8.37121    8.35205 4.3776e+01     2.0703     1.6470    66.2491   997.2661  0.000e+00
      0.057    24.2852    24.2910     96.991  95.615480      0.082     6.9267     82.747    8.37094    8.35178 4.4565e+01     2.0216     1.6423    66.3276   997.2656  0.000e+00
      0.052    24.2873    24.2931     96.894  95.523887      0.074     6.8043     81.287    8.37061    8.35146 4.5390e+01     2.0025     1.6549    66.1188   997.2650  0.000e+00
      0.057    24.2888    24.2947     96.891  95.523886      0.082     6.7091     80.153    8.37037    8.35122 4.5598e+01     1.9707     1.6360    66.4312   997.2647  0.000e+00
      0.072    24.2888    24.2947     96.984  95.615479      0.102     6.6516     79.466    8.37037    8.35122 4.2872e+01     1.9876     1.6420    66.3320   997.2648  0.000e+00
      0.093    24.2896    24.2955     97.137  95.768135      0.132     6.6527     79.481    8.37024    8.35108 4.3826e+01     1.9855     1.6646    65.9574   997.2647  0.000e+00
      0.111    24.2906    24.2965     97.723  96.348237      0.158     6.7160     80.239    8.37007    8.35091 4.2833e+01     2.0406     1.6432    66.3127   997.2647  0.000e+00
      0.109    24.2913    24.2971     97.815  96.439833      0.155     6.8018     81.265    8.36997    8.35081 4.4169e+01     2.0555     1.6312    66.5112   997.2646  0.000e+00
      0.099    24.2929    24.2988     97.223  95.859728      0.141     6.8814     82.217    8.36973    8.35057 4.4842e+01     2.0173     1.6533    66.1440   997.2640  0.000e+00
      0.089    24.2959    24.3018     97.063  95.707070      0.127     6.9244     82.737    8.36926    8.35010 4.4402e+01     2.0300     1.6493    66.2106   997.2631  0.000e+00
      0.086    24.2946    24.3004     96.972  95.615478      0.122     6.9431     82.957    8.36948    8.35032 4.4945e+01     2.0237     1.6356    66.4386   997.2634  0.000e+00
      0.092    24.2914    24.2972     96.979  95.615479      0.130     6.9239     82.723    8.36997    8.35082 4.4007e+01     2.0216     1.6386    66.3883   997.2642  0.000e+00
      0.099    24.2877    24.2936     97.234  95.859729      0.141     6.8720     82.097    8.37054    8.35138 4.4545e+01     1.9580     1.6620    66.0003   997.2652  0.000e+00
      0.099    24.2877    24.2936     97.636  96.256641      0.141     6.7720     80.904    8.37053    8.35137 4.3536e+01     1.9749     1.6412    66.3453   997.2654  0.000e+00
      0.099    24.2874    24.2932     97.575  96.195578      0.141     6.6431     79.362    8.37058    8.35143 4.4986e+01     1.9834     1.6774    65.7471   997.2655  0.000e+00
      0.095    24.2856    24.2914     97.114  95.737605      0.135     6.5160     77.841    8.37088    8.35172 4.4637e+01     1.9728     1.6542    66.1306   997.2657  0.000e+00
      0.094    24.2842    24.2900     96.993  95.615481      0.133     6.4214     76.709    8.37109    8.35194 4.4453e+01     1.9431     1.6688    65.8893   997.2660  0.000e+00
      0.096    24.2824    24.2882     97.089  95.707075      0.136     6.3660     76.045    8.37138    8.35222 4.3546e+01     1.9134     1.6498    66.2032   997.2665  0.000e+00
      0.096    24.2800    24.2858     97.094  95.707075      0.136     6.3524     75.879    8.37174    8.35259 4.4078e+01     1.9431     1.6273    66.5763   997.2671  0.000e+00
      0.100    24.2783    24.2841     97.004  95.615483      0.143     6.3562     75.922    8.37202    8.35287 4.4392e+01     1.9431     1.6561    66.0981   997.2675  0.000e+00
      0.121    24.2753    24.2811     96.824  95.432299      0.172     6.3571     75.928    8.37249    8.35334 4.3317e+01     1.9728     1.6383    66.3927   997.2683  0.000e+00
      0.146    24.2724    24.2783     97.016  95.615485      0.208     6.3475     75.810    8.37292    8.35378 4.2735e+01     1.9728     1.6423    66.3261   997.2692  0.000e+00
      0.155    24.2719    24.2777     97.513  96.103987      0.221     6.3400     75.719    8.37300    8.35385 4.1178e+01     1.9346     1.6372    66.4119   997.2695  0.000e+00
      0.152    24.2733    24.2791     97.758  96.348243      0.216     6.3339     75.648    8.37278    8.35363 4.1471e+01     1.9855     1.6336    66.4712   997.2693  0.000e+00
      0.139    24.2727    24.2785     97.604  96.195583      0.197     6.3441     75.770    8.37287    8.35372 4.3148e+01     2.0364     1.6675    65.9100   997.2693  0.000e+00
      0.125    24.2818    24.2876     97.152  95.768138      0.177     6.3559     75.924    8.37146    8.35231 4.2598e+01     2.0194     1.6490    66.2165   997.2668  0.000e+00
      0.121    24.2936    24.2994     96.881  95.523885      0.172     6.3951     76.409    8.36964    8.35048 4.2258e+01     1.9580     1.6270    66.5807   997.2638  0.000e+00
      0.128    24.2936    24.2994     96.881  95.523885      0.182     6.4703     77.307    8.36964    8.35048 4.3616e+01     1.8816     1.6263    66.5926   997.2638  0.000e+00
      0.154    24.2868    24.2927     96.895  95.523888      0.219     6.5598     78.366    8.37068    8.35153 4.0840e+01     1.9240     1.6394    66.3749   997.2656  0.000e+00
      0.210    24.2792    24.2850     96.755  95.371237      0.299     6.6167     79.035    8.37188    8.35273 3.9046e+01     2.0110     1.6210    66.6814   997.2677  0.000e+00
      0.238    24.2720    24.2778     97.512  96.103988      0.338     6.6576     79.513    8.37298    8.35384 4.0523e+01     2.0025     1.6262    66.5941   997.2699  0.000e+00
      0.209    24.2730    24.2788     98.192  96.775698      0.297     6.6962     79.976    8.37281    8.35367 4.3376e+01     2.0025     1.6465    66.2580   997.2697  0.000e+00
      0.145    24.3298    24.3357     98.141  96.836745      0.207     6.7122     80.251    8.36396    8.34479 4.4862e+01     2.0088     1.6588    66.0536   997.2553  0.000e+00
      0.116    24.4574    24.4633     97.239  96.195525      0.165     6.7754     81.200    8.34417    8.32493 4.2316e+01     2.0258     1.6331    66.4801   997.2229  0.000e+00
      0.115    24.5218    24.5277     96.805  95.890188      0.163     6.9058     82.861    8.33421    8.31493 4.2706e+01     2.0491     1.6420    66.3320   997.2065  0.000e+00
      0.115    24.4792    24.4851     96.857  95.859670      0.163     7.0460     84.476    8.34081    8.32155 4.3656e+01     2.1233     1.6466    66.2550   997.2172  0.000e+00
      0.109    24.4279    24.4337     97.112  96.012343      0.155     7.1426     85.553    8.34876    8.32953 4.3616e+01     2.0936     1.6518    66.1691   997.2302  0.000e+00
      0.107    24.4006    24.4065     97.413  96.256606      0.152     7.1971     86.162    8.35298    8.33376 4.4862e+01     2.0894     1.6578    66.0699   997.2371  0.000e+00
      0.115    24.3837    24.3896     97.199  96.012357      0.163     7.2222     86.436    8.35560    8.33640 4.3148e+01     2.0322     1.6432    66.3113   997.2413  0.000e+00
      0.131    24.3675    24.3733     97.076  95.859705      0.187     7.2145     86.318    8.35813    8.33893 4.1424e+01     2.0258     1.6372    66.4119   997.2454  0.000e+00
      0.143    24.3518    24.3576     97.107  95.859710      0.204     7.1790     85.867    8.36057    8.34138 4.1272e+01     2.0343     1.6273    66.5763   997.2494  0.000e+00
      0.155    24.3357    24.3415     97.232  95.951309      0.221     7.1114     85.033    8.36308    8.34390 4.2065e+01     2.0237     1.6331    66.4801   997.2535  0.000e+00
      0.159    24.3229    24.3287     97.412  96.103972      0.226     7.0232     83.959    8.36506    8.34588 4.1367e+01     2.0746     1.6539    66.1351   997.2568  0.000e+00
      0.149    24.3209    24.3267     97.509  96.195568      0.212     6.9372     82.928    8.36537    8.34619 4.1567e+01     2.0809     1.6611    66.0151   997.2573  0.000e+00
      0.140    24.3190    24.3248     97.327  96.012378      0.199     6.8505     81.888    8.36567    8.34650 4.1567e+01     2.1021     1.6608    66.0211   997.2577  0.000e+00
      0.139    24.3122    24.3181     97.092  95.768128      0.197     6.7541     80.726    8.36672    8.34756 4.0727e+01     2.1466     1.6769    65.7560   997.2593  0.000e+00
      0.148    24.2986    24.3044     97.057  95.707070      0.210     6.6610     79.593    8.36885    8.34969 4.0943e+01     2.1721     1.6583    66.0625   997.2627  0.000e+00
      0.154    24.2855    24.2913     97.083  95.707074      0.219     6.5651     78.428    8.37089    8.35174 4.0924e+01     2.1636     1.6589    66.0522   997.2660  0.000e+00
      0.157    24.2802    24.2860     97.341  95.951327      0.224     6.4938     77.568    8.37171    8.35256 4.0924e+01     2.1106     1.6349    66.4490   997.2674  0.000e+00
      0.158    24.2795    24.2854     97.590  96.195581      0.224     6.4268     76.767    8.37180    8.35265 4.1452e+01     2.0767     1.6443    66.2935   997.2677  0.000e+00
      0.153    24.2755    24.2813     97.599  96.195582      0.218     6.3719     76.106    8.37244    8.35329 4.1528e+01     2.0428     1.6050    66.9479   997.2687  0.000e+00
      0.147    24.2706    24.2765     97.515  96.103988      0.208     6.3289     75.585    8.37320    8.35405 4.1112e+01     1.9346     1.6471    66.2476   997.2698  0.000e+00
      0.150    24.2681    24.2739     97.241  95.829205      0.213     6.2877     75.090    8.37360    8.35445 4.1102e+01     2.0322     1.6393    66.3764   997.2704  0.000e+00
      0.154    24.2643    24.2701     97.187  95.768143      0.219     6.2584     74.734    8.37419    8.35505 4.1652e+01     2.0258     1.6090    66.8813   997.2713  0.000e+00
      0.157    24.2575    24.2634     97.200  95.768145      0.224     6.2052     74.090    8.37524    8.35611 4.0411e+01     2.0216     1.6244    66.6252   997.2730  0.000e+00
      0.159    24.2535    24.2594     97.549  96.103993      0.226     6.1640     73.593    8.37586    8.35672 4.1329e+01     2.0237     1.6391    66.3794   997.2741  0.000e+00
      0.156    24.2550    24.2608     97.701  96.256652      0.222     6.1173     73.037    8.37563    8.35649 4.0727e+01     1.9537     1.6334    66.4741   997.2738  0.000e+00
      0.154    24.2547    24.2605     97.795  96.348248      0.219     6.0700     72.472    8.37567    8.35653 4.1443e+01     1.9177     1.6445    66.2905   997.2739  0.000e+00
      0.152    24.2533    24.2592     97.797  96.348249      0.216     6.0179     71.848    8.37588    8.35675 4.0467e+01     1.9643     1.6474    66.2432   997.2742  0.000e+00
      0.151    24.2554    24.2613     97.545  96.103993      0.215     5.9695     71.273    8.37556    8.35643 4.0116e+01     1.9262     1.6427    66.3201   997.2736  0.000e+00
      0.153    24.2590    24.2648     97.538  96.103991      0.218     5.9238     70.732    8.37501    8.35587 4.0245e+01     1.8583     1.6561    66.0981   997.2728  0.000e+00
      0.156    24.2614    24.2672     97.688  96.256650      0.222     5.8930     70.367    8.37464    8.35550 4.0199e+01     1.8456     1.6241    66.6296   997.2722  0.000e+00
      0.160    24.2643    24.2701     97.683  96.256649      0.227     5.8653     70.040    8.37418    8.35504 4.0532e+01     1.9240     1.6318    66.5008   997.2715  0.000e+00
      0.158    24.2694    24.2752     97.858  96.439840      0.224     5.8467     69.825    8.37339    8.35424 4.0671e+01     1.9516     1.6432    66.3127   997.2703  0.000e+00
      0.156    24.2723    24.2781     97.853  96.439840      0.222     5.8160     69.462    8.37293    8.35379 4.0448e+01     1.9558     1.6357    66.4356   997.2696  0.000e+00
      0.154    24.2732    24.2790     97.851  96.439839      0.219     5.7832     69.072    8.37279    8.35364 4.0374e+01     1.9389     1.6458    66.2683   997.2693  0.000e+00
      0.154    24.2745    24.2804     97.662  96.256646      0.219     5.7454     68.622    8.37258    8.35343 3.9978e+01     2.0322     1.6482    66.2298   997.2689  0.000e+00
      0.154    24.2765    24.2823     97.658  96.256645      0.219     5.7055     68.148    8.37228    8.35314 4.0821e+01     2.0576     1.6368    66.4179   997.2685  0.000e+00
