data/ctd_cnv_files/2024.01.25 Okaro 1 122.cnv
* Sea-Bird SBE19plus Data File:
* FileName = C:\Users\instrument\Desktop\Iola Rosa. CTD Cast. July.23\Jsanuary 2024\Iola Rosa Jan122.24.hex
* Software Version 1.59
* Temperature SN =  4268
* Conductivity SN =  4268
* System UpLoad Time = Feb 01 2024 08:52:26
* ds
* SeacatPlus V 1.6  SERIAL NO. 4268    01 Feb 2024  08:53:08
# nquan = 16
# nvalues = 1022                                  
# units = specified
# name 0 = depFM: Depth [fresh water, m]
# name 1 = tv290C: Temperature [ITS-90, deg C]
# name 2 = tv268C: Temperature [IPTS-68, deg C]
# name 3 = specc: Specific Conductance [uS/cm]
# name 4 = c0uS/cm: Conductivity [uS/cm]
# name 5 = prdE: Pressure, Strain Gauge [psi]
# name 6 = sbeox0Mg/L: Oxygen, SBE 43 [mg/l]
# name 7 = sbeox0PS: Oxygen, SBE 43 [% saturation]
# name 8 = oxsolMg/L: Oxygen Saturation, Garcia & Gordon [mg/l]
# name 9 = oxsatMg/L: Oxygen Saturation, Weiss [mg/l]
# name 10 = par: PAR/Irradiance, Biospherical/Licor
# name 11 = flCM: Fluorescence, Chelsea Mini Chl Con [ug/l]
# name 12 = bat: Beam Attenuation, Chelsea/Seatech [1/m]
# name 13 = xmiss: Beam Transmission, Chelsea/Seatech [%]
# name 14 = density00: Density [density, kg/m^3]
# name 15 = flag:  0.000e+00
# span 0 =     -0.767,     15.942                 
# span 1 =     9.7537,    23.6095                 
# span 2 =     9.7560,    23.6151                 
# span 3 =     -2.321,    241.885                 
# span 4 =  -2.120353, 168.265322                 
# span 5 =     -1.091,     22.675                 
# span 6 =    -1.2884,     8.7112                 
# span 7 =    -12.202,    102.369                 
# span 8 =    8.47743,   11.35012                 
# span 9 =    8.45867,   11.33905                 
# span 10 = 1.1259e-01, 8.6812e+01                
# span 11 =    -0.3612,    41.0065                
# span 12 =     1.2987,     9.9321                
# span 13 =     8.3491,    72.2767                
# span 14 =   997.4084,   999.8853                
# span 15 = 0.0000e+00, 0.0000e+00                
# interval = seconds: 0.25
# start_time = Jan 25 2024 09:29:34 [Instrument's time stamp, header]
# bad_flag = -9.990e-29
*END*
[from data line 362]
      0.096    23.6056    23.6113     96.055  93.387046      0.136     7.6053     89.706    8.47804    8.45928 4.4037e+01     6.1342     2.0736    59.5478   997.4327  0.000e+00
      0.096    23.6064    23.6120     96.148  93.478629      0.136     7.6542     90.284    8.47793    8.45916 4.3297e+01     6.1660     2.0680    59.6307   997.4326  0.000e+00
      0.108    23.6062    23.6118     96.148  93.478629      0.153     7.6922     90.732    8.47795    8.45919 4.3257e+01     6.1872     2.0644    59.6840   997.4327  0.000e+00
      0.114    23.6064    23.6121     96.147  93.478629      0.163     7.7151     91.003    8.47791    8.45915 4.2103e+01     6.1087     2.0830    59.4071   997.4327  0.000e+00
      0.099    23.6062    23.6118     96.148  93.478629      0.141     7.7275     91.148    8.47795    8.45919 4.1738e+01     6.0896     2.0789    59.4678   997.4326  0.000e+00
      0.085    23.6054    23.6110     96.150  93.478629      0.120     7.7227     91.091    8.47808    8.45932 4.2608e+01     6.1299     2.0901    59.3020   997.4328  0.000e+00
      0.084    23.6046    23.6102     96.151  93.478629      0.119     7.7314     91.192    8.47821    8.45945 4.3366e+01     6.1108     2.0698    59.6040   997.4330  0.000e+00
      0.101    23.6039    23.6096     96.152  93.478630      0.144     7.7337     91.217    8.47831    8.45955 3.9714e+01     6.1299     2.0689    59.6173   997.4332  0.000e+00
      0.115    23.6036    23.6093     96.216  93.539686      0.164     7.7302     91.176    8.47836    8.45960 3.9333e+01     6.2062     2.0639    59.6914   997.4334  0.000e+00
      0.131    23.6035    23.6092     96.216  93.539686      0.186     7.7328     91.207    8.47838    8.45962 3.6662e+01     6.1956     2.0664    59.6544   997.4335  0.000e+00
      0.132    23.6031    23.6087     96.217  93.539686      0.188     7.7389     91.278    8.47845    8.45969 3.7016e+01     6.3122     2.0734    59.5507   997.4336  0.000e+00
      0.131    23.6027    23.6084     96.312  93.631270      0.186     7.7566     91.485    8.47850    8.45974 3.6435e+01     6.3080     2.0536    59.8454   997.4337  0.000e+00
      0.101    23.6025    23.6082     96.218  93.539686      0.144     7.7681     91.621    8.47853    8.45977 3.6037e+01     6.2168     2.0515    59.8765   997.4336  0.000e+00
      0.006    23.6021    23.6077     96.156  93.478629      0.008     7.7639     91.570    8.47861    8.45985 3.9714e+01     6.0091     2.0696    59.6070   997.4332  0.000e+00
     -0.123    23.6011    23.6068     95.970  93.295462     -0.175     7.7486     91.389    8.47877    8.46001 4.1997e+01     6.0006     2.0865    59.3553   997.4328  0.000e+00
     -0.209    23.5988    23.6045     96.163  93.478629     -0.297     7.7342     91.215    8.47913    8.46037 3.4947e+01     5.9412     2.0846    59.3834   997.4331  0.000e+00
     -0.221    23.5974    23.6030     96.228  93.539685     -0.314     7.7188     91.031    8.47936    8.46060 3.8859e+01     5.9328     2.0762    59.5093   997.4334  0.000e+00
     -0.198    23.5988    23.6045     96.225  93.539684     -0.281     7.7035     90.852    8.47913    8.46037 3.7101e+01     6.0006     2.0653    59.6706   997.4332  0.000e+00
     -0.161    23.6000    23.6057     96.066  93.387045     -0.230     7.6935     90.736    8.47893    8.46018 3.7067e+01     5.7695     2.0710    59.5862   997.4330  0.000e+00
     -0.120    23.6004    23.6061     96.159  93.478629     -0.170     7.6846     90.633    8.47888    8.46012 3.3435e+01     6.0812     2.0700    59.6011   997.4331  0.000e+00
     -0.126    23.6011    23.6068     96.221  93.539684     -0.180     7.6850     90.638    8.47876    8.46000 3.5880e+01     6.4564     2.0665    59.6529   997.4329  0.000e+00
     -0.185    23.6012    23.6069     96.158  93.478628     -0.262     7.6915     90.715    8.47875    8.45999 4.8077e+01     6.5709     2.0664    59.6544   997.4326  0.000e+00
     -0.252    23.6012    23.6069     96.158  93.478627     -0.358     7.6965     90.774    8.47875    8.45999 5.4609e+01     6.5539     2.0797    59.4560   997.4323  0.000e+00
     -0.315    23.6006    23.6062     96.159  93.478627     -0.448     7.6977     90.787    8.47885    8.46009 5.8912e+01     6.7786     2.0791    59.4648   997.4322  0.000e+00
     -0.365    23.5997    23.6053     96.161  93.478627     -0.519     7.7028     90.845    8.47899    8.46023 4.1084e+01     6.9821     2.0735    59.5492   997.4322  0.000e+00
     -0.388    23.5995    23.6052     96.067  93.387043     -0.552     7.7139     90.976    8.47902    8.46026 2.4658e+01     7.0669     2.0673    59.6410   997.4321  0.000e+00
     -0.460    23.6001    23.6058     96.160  93.478626     -0.655     7.7158     91.000    8.47892    8.46016 1.4098e+01     6.9122     2.0641    59.6884   997.4316  0.000e+00
     -0.587    23.6007    23.6064     96.159  93.478625     -0.834     7.7299     91.167    8.47882    8.46006 1.0187e+01     3.4292     2.0710    59.5862   997.4309  0.000e+00
     -0.671    23.6009    23.6066     96.158  93.478624     -0.955     7.7634     91.562    8.47879    8.46003 1.0002e+01     3.9422     2.0736    59.5478   997.4305  0.000e+00
     -0.720    23.6004    23.6061     96.159  93.478624     -1.023     7.7987     91.978    8.47887    8.46012 1.2531e+01     3.0497     2.1772    58.0242   997.4304  0.000e+00
     -0.726    23.5999    23.6056     96.160  93.478624     -1.033     7.8283     92.326    8.47895    8.46019 1.4345e+01     2.3777     2.5876    52.3667   997.4305  0.000e+00
     -0.700    23.5993    23.6050     96.162  93.478624     -0.995     7.8393     92.455    8.47905    8.46029 1.3374e+01     1.8329     2.1800    57.9842   997.4308  0.000e+00
     -0.668    23.5992    23.6049     96.162  93.478624     -0.950     7.8410     92.475    8.47906    8.46030 1.5507e+01     1.5149     2.0945    59.2368   997.4309  0.000e+00
     -0.659    23.5983    23.6040     96.069  93.387041     -0.937     7.8413     92.477    8.47920    8.46045 1.2323e+01     2.6024     2.0774    59.4900   997.4312  0.000e+00
     -0.668    23.5982    23.6038     96.070  93.387041     -0.950     7.8677     92.788    8.47923    8.46047 1.3963e+01     5.4855     2.0829    59.4086   997.4312  0.000e+00
     -0.687    23.5984    23.6041     96.163  93.478624     -0.977     7.9000     93.169    8.47919    8.46043 1.1050e+01     5.9773     2.0832    59.4041   997.4310  0.000e+00
     -0.706    23.5990    23.6046     96.162  93.478624     -1.005     7.9183     93.387    8.47910    8.46034 1.3876e+01    -0.3612     2.0963    59.2102   997.4308  0.000e+00
     -0.718    23.5983    23.6040     43.377  42.165789     -1.022     7.9117     93.295    8.48032    8.46156 1.0297e+01     1.8286     2.1030    59.1110   997.4135  0.000e+00
     -0.709    23.5859    23.5915     16.616  16.147972     -1.008     7.8775     92.864    8.48282    8.46408 7.4610e+00     2.9034     2.0778    59.4841   997.4084  0.000e+00
     -0.702    23.5469    23.5525     12.715  12.347033     -0.998     7.8479     92.446    8.48912    8.47040 1.0170e+01     3.9909     2.1438    58.5113   997.4168  0.000e+00
     -0.673    23.5102    23.5159     42.263  41.008735     -0.958     7.8542     92.463    8.49441    8.47571 5.3164e+00     4.8219     2.7744    49.9770   997.4347  0.000e+00
     -0.621    23.5186    23.5243     91.226  88.533744     -0.883     7.8355     92.268    8.49203    8.47332 6.5250e+00     5.4855     2.2433    57.0736   997.4490  0.000e+00
     -0.633    23.5431    23.5488     96.084  93.295475     -0.900     7.7782     91.637    8.48801    8.46929 5.4834e+00     5.9836     2.1357    58.6298   997.4447  0.000e+00
     -0.650    23.5617    23.5674     96.142  93.387053     -0.925     7.6976     90.720    8.48505    8.46631 4.8697e+00     6.4267     2.1676    58.1648   997.4401  0.000e+00
     -0.687    23.5733    23.5789     96.119  93.387049     -0.977     7.6291     89.932    8.48320    8.46446 4.3476e+00     6.8062     2.1328    58.6727   997.4371  0.000e+00
     -0.704    23.5802    23.5859     96.011  93.295464     -1.002     7.5968     89.563    8.48210    8.46335 4.3926e+00     7.0860     2.1269    58.7586   997.4353  0.000e+00
     -0.704    23.5842    23.5899     96.003  93.295462     -1.002     7.6304     89.966    8.48146    8.46271 6.6854e+00     7.2450     2.0867    59.3523   997.4344  0.000e+00
     -0.691    23.5862    23.5918     95.999  93.295462     -0.983     7.6830     90.589    8.48115    8.46240 6.9478e+00     7.3828     2.0803    59.4471   997.4340  0.000e+00
     -0.674    23.5870    23.5927     95.966  93.264934     -0.959     7.7128     90.942    8.48101    8.46226 6.5160e+00     7.4782     2.0802    59.4486   997.4338  0.000e+00
     -0.664    23.5869    23.5925     96.092  93.387045     -0.944     7.7187     91.012    8.48103    8.46228 6.1448e+00     7.6329     2.0727    59.5611   997.4339  0.000e+00
     -0.655    23.5866    23.5923     96.093  93.387045     -0.931     7.6847     90.610    8.48107    8.46233 8.2166e+00     7.7368     2.0813    59.4323   997.4340  0.000e+00
     -0.656    23.5859    23.5915     96.094  93.387045     -0.933     7.6161     89.800    8.48119    8.46244 6.3306e+00     7.9403     2.0749    59.5285   997.4342  0.000e+00
     -0.657    23.5853    23.5909     96.095  93.387045     -0.934     7.5076     88.520    8.48129    8.46254 5.6272e+00     8.0124     2.0834    59.4012   997.4343  0.000e+00
     -0.664    23.5844    23.5900     96.097  93.387046     -0.944     7.3618     86.799    8.48143    8.46268 8.1007e+00     8.1777     2.0681    59.6292   997.4345  0.000e+00
     -0.661    23.5834    23.5891     96.099  93.387046     -0.941     7.1880     84.749    8.48159    8.46284 6.1986e+00     8.2435     2.0783    59.4767   997.4348  0.000e+00
     -0.666    23.5833    23.5890     96.005  93.295463     -0.947     7.0079     82.625    8.48160    8.46285 6.2872e+00     8.4067     2.0758    59.5152   997.4348  0.000e+00
     -0.668    23.5831    23.5888     96.099  93.387046     -0.950     6.8393     80.636    8.48163    8.46288 5.4884e+00     8.4046     2.0654    59.6692   997.4348  0.000e+00
     -0.666    23.5824    23.5881     96.101  93.387046     -0.947     6.6909     78.886    8.48174    8.46299 7.1350e+00     8.4851     2.0746    59.5329   997.4350  0.000e+00
     -0.666    23.5822    23.5878     96.101  93.387046     -0.947     6.5616     77.361    8.48178    8.46304 5.1722e+00     8.5084     2.0640    59.6899   997.4351  0.000e+00
     -0.673    23.5820    23.5876     96.102  93.387046     -0.958     6.4427     75.958    8.48181    8.46307 5.7669e+00     8.5233     2.0764    59.5063   997.4351  0.000e+00
     -0.682    23.5820    23.5876     96.102  93.387046     -0.970     6.3483     74.846    8.48181    8.46307 6.4036e+00     8.5275     2.0634    59.6988   997.4350  0.000e+00
     -0.672    23.5816    23.5873     96.008  93.295463     -0.956     6.2874     74.127    8.48187    8.46312 2.9389e+01     8.4703     2.0833    59.4027   997.4351  0.000e+00
     -0.625    23.5813    23.5869     96.103  93.387047     -0.889     6.2512     73.700    8.48193    8.46318 4.0337e+01     8.4152     2.0910    59.2886   997.4355  0.000e+00
     -0.549    23.5799    23.5856     77.076  74.895753     -0.781     6.2380     73.539    8.48255    8.46380 4.4586e+01     8.4809     2.0829    59.4086   997.4297  0.000e+00
     -0.502    23.5785    23.5842     59.979  58.280305     -0.714     6.2391     73.547    8.48314    8.46439 4.8121e+01     8.3516     2.0739    59.5433   997.4246  0.000e+00
     -0.495    23.5764    23.5820     74.288  72.181466     -0.705     6.2728     73.944    8.48318    8.46443 5.2127e+01     8.3155     2.0857    59.3671   997.4299  0.000e+00
     -0.517    23.5727    23.5784     95.774  93.051248     -0.736     6.4055     75.507    8.48329    8.46455 5.2994e+01     8.2032     2.0813    59.4323   997.4379  0.000e+00
     -0.522    23.5675    23.5731     96.287  93.539691     -0.742     6.4219     75.693    8.48412    8.46538 5.1794e+01     8.0802     2.0723    59.5670   997.4393  0.000e+00
     -0.512    23.5638    23.5694     96.232  93.478637     -0.728     6.4929     76.525    8.48472    8.46598 5.1675e+01     8.1905     2.0517    59.8735   997.4403  0.000e+00
     -0.513    23.5615    23.5672     96.236  93.478637     -0.730     6.5677     77.403    8.48507    8.46634 5.1616e+01     8.2710     2.0501    59.8987   997.4408  0.000e+00
     -0.509    23.5598    23.5654     96.397  93.631278     -0.723     6.6811     78.737    8.48535    8.46662 5.2199e+01     8.3600     2.0600    59.7506   997.4413  0.000e+00
     -0.512    23.5577    23.5634     95.804  93.051253     -0.728     6.8174     80.340    8.48569    8.46696 5.1877e+01     8.3325     2.0572    59.7921   997.4416  0.000e+00
     -0.510    23.5558    23.5615     58.720  57.030895     -0.725     7.0039     82.528    8.48678    8.46805 4.9952e+01     8.2986     2.0641    59.6884   997.4297  0.000e+00
     -0.518    23.5547    23.5603     54.612  53.039387     -0.737     7.0506     83.075    8.48705    8.46832 4.4801e+01     8.4385     2.0563    59.8054   997.4286  0.000e+00
     -0.548    23.5545    23.5602     85.660  83.193381     -0.780     7.0988     83.649    8.48642    8.46769 4.2384e+01     8.4597     2.0620    59.7195   997.4388  0.000e+00
     -0.553    23.5558    23.5615     96.153  93.387055     -0.786     7.2278     85.173    8.48598    8.46725 4.4189e+01     8.3982     2.0603    59.7462   997.4420  0.000e+00
     -0.531    23.5576    23.5633     96.244  93.478638     -0.755     7.3633     86.773    8.48570    8.46696 3.7623e+01     8.4046     2.0569    59.7965   997.4417  0.000e+00
     -0.536    23.5599    23.5656     96.240  93.478637     -0.762     7.4529     87.832    8.48533    8.46659 9.0819e+00     8.4448     2.0621    59.7180   997.4411  0.000e+00
     -0.596    23.5624    23.5681     96.235  93.478636     -0.848     7.5000     88.392    8.48493    8.46619 7.2271e+00     8.3812     2.0518    59.8720   997.4402  0.000e+00
     -0.622    23.5648    23.5705     96.136  93.387052     -0.884     7.5357     88.817    8.48455    8.46581 5.8548e+00     8.3749     2.0632    59.7017   997.4395  0.000e+00
     -0.648    23.5669    23.5725     96.132  93.387051     -0.922     7.5177     88.608    8.48422    8.46548 6.8639e+00     8.3728     2.0750    59.5270   997.4389  0.000e+00
     -0.684    23.5693    23.5749     96.127  93.387050     -0.973     7.5353     88.820    8.48384    8.46510 6.1448e+00     8.2880     2.0677    59.6351   997.4381  0.000e+00
     -0.687    23.5717    23.5773     96.216  93.478633     -0.977     7.5584     89.096    8.48345    8.46471 6.0999e+00     8.3176     2.0662    59.6573   997.4376  0.000e+00
     -0.673    23.5737    23.5794     96.118  93.387049     -0.958     7.5918     89.493    8.48313    8.46439 5.6389e+00     8.3579     2.0654    59.6692   997.4371  0.000e+00
     -0.658    23.5743    23.5800     96.211  93.478632     -0.936     7.6338     89.989    8.48303    8.46429 6.3321e+00     8.5805     2.0644    59.6840   997.4370  0.000e+00
     -0.646    23.5743    23.5800     94.766  92.074400     -0.919     7.6696     90.411    8.48306    8.46432 4.6187e+00     8.6038     2.0632    59.7017   997.4366  0.000e+00
     -0.646    23.5745    23.5802     64.281  62.455739     -0.919     7.7046     90.816    8.48369    8.46494 5.1509e+00     8.7501     2.0669    59.6470   997.4264  0.000e+00
     -0.647    23.5749    23.5805     67.355  65.443079     -0.920     7.7510     91.365    8.48356    8.46482 5.6557e+00     8.7692     2.0627    59.7091   997.4273  0.000e+00
     -0.653    23.5749    23.5805     94.168  91.494420     -0.928     7.7898     91.829    8.48299    8.46425 4.9157e+00     8.7247     2.0703    59.5966   997.4362  0.000e+00
