data/ctd_cnv_files/2024.01.25 Okaro 2 124.cnv
* Sea-Bird SBE19plus Data File:
* FileName = C:\Users\instrument\Desktop\Iola Rosa. CTD Cast. July.23\Jsanuary 2024\Iola Rosa Jan124.24.hex
* Software Version 1.59
* Temperature SN =  4268
* Conductivity SN =  4268
* System UpLoad Time = Feb 01 2024 08:54:22
* ds
* SeacatPlus V 1.6  SERIAL NO. 4268    01 Feb 2024  08:53:08
# nquan = 16
# nvalues = 700                                   
# units = specified
# name 0 = depFM: Depth [fresh water, m]
# name 1 = tv290C: Temperature [ITS-90, deg C]
# name 2 = tv268C: Temperature [IPTS-68, deg C]
# name 3 = specc: Specific Conductance [uS/cm]
# name 4 = c0uS/cm: Conductivity [uS/cm]
# name 5 = prdE: Pressure, Strain Gauge [psi]
# name 6 = sbeox0Mg/L: Oxygen, SBE 43 [mg/l]
# name 7 = sbeox0PS: Oxygen, SBE 43 [% saturation]
# name 8 = oxsolMg/L: Oxygen Saturation, Garcia & Gordon [mg/l]
# name 9 = oxsatMg/L: Oxygen Saturation, Weiss [mg/l]
# name 10 = par: PAR/Irradiance, Biospherical/Licor
# name 11 = flCM: Fluorescence, Chelsea Mini Chl Con [ug/l]
# name 12 = bat: Beam Attenuation, Chelsea/Seatech [1/m]
# name 13 = xmiss: Beam Transmission, Chelsea/Seatech [%]
# name 14 = density00: Density [density, kg/m^3]
# name 15 = flag:  0.000e+00
# span 0 =     -0.604,     15.906                 
# span 1 =     9.7491,    23.9700                 
# span 2 =     9.7514,    23.9758                 
# span 3 =     91.495,    240.118                 
# span 4 =  68.189927, 167.039663                 
# span 5 =     -0.859,     22.624                 
# span 6 =    -0.9533,     9.3450                 
# span 7 =     -9.199,    110.893                 
# span 8 =    8.42032,   11.35171                 
# span 9 =    8.40134,   11.34064                 
# span 10 = 1.0552e-01, 2.7174e+02                
# span 11 =     1.4873,    57.1686                
# span 12 =     1.8115,     4.8819                
# span 13 =    29.5088,    63.5795                
# span 14 =   997.3413,   999.8842                
# span 15 = 0.0000e+00, 0.0000e+00                
# interval = seconds: 0.25
# start_time = Jan 25 2024 13:55:48 [Instrument's time stamp, header]
# bad_flag = -9.990e-29
*END*
[from data line 543]
      5.054    18.7327    18.7372     91.550  80.082669      7.188     7.6456     81.999    9.32404    9.30873 1.8963e+01    16.7930     2.8570    48.9553   998.5169  0.000e+00
      5.118    18.4450    18.4494     91.665  79.655636      7.279     7.8873     84.097    9.37872    9.36363 1.8344e+01    18.9044     3.2094    44.8273   998.5723  0.000e+00
      5.193    18.1872    18.1916     91.753  79.259110      7.387     8.1169     86.092    9.42821    9.41331 1.7172e+01    20.6618     3.5657    41.0073   998.6212  0.000e+00
      5.260    17.9401    17.9444     91.500  78.588035      7.482     8.3489     88.105    9.47612    9.46139 1.6535e+01    21.9083     3.8098    38.5791   998.6673  0.000e+00
      5.325    17.6757    17.6799     91.495  78.100015      7.574     8.5680     89.926    9.52784    9.51331 1.5440e+01    24.3759     3.9516    37.2362   998.7159  0.000e+00
      5.394    17.4030    17.4072     91.616  77.703521      7.673     8.7356     91.170    9.58172    9.56738 1.4391e+01    26.1311     4.0720    36.1316   998.7652  0.000e+00
      5.455    17.1514    17.1555     91.946  77.520558      7.759     8.7942     91.302    9.63192    9.61775 1.3457e+01    28.9252     4.2262    34.7650   998.8101  0.000e+00
      5.525    16.9439    16.9480     91.928  77.124059      7.859     8.6957     89.890    9.67368    9.65966 1.2711e+01    30.8225     4.4217    33.1067   998.8466  0.000e+00
      5.593    16.7626    16.7666     91.926  76.788567      7.956     8.4099     86.606    9.71045    9.69655 1.1455e+01    33.3324     4.8325    29.8760   998.8782  0.000e+00
      5.681    16.5802    16.5842     91.926  76.453080      8.081     7.9377     81.431    9.74767    9.73390 1.0475e+01    36.9829     4.8819    29.5088   998.9096  0.000e+00
      5.768    16.3488    16.3527     92.145  76.209117      8.204     7.3183     74.713    9.79528    9.78166 9.4017e+00    43.6966     4.6049    31.6246   998.9489  0.000e+00
      5.842    16.0650    16.0688     92.597  76.056676      8.309     6.5862     66.836    9.85424    9.84081 8.5156e+00    48.8225     4.2844    34.2631   998.9961  0.000e+00
      5.917    15.7581    15.7619     92.995  75.812737      8.417     5.7542     58.014    9.91871    9.90547 7.6725e+00    53.1810     3.9867    36.9104   999.0461  0.000e+00
      5.987    15.4630    15.4667     93.673  75.812810      8.515     4.8458     48.548    9.98141    9.96836 7.1399e+00    56.3164     3.5976    40.6816   999.0933  0.000e+00
      6.060    15.1905    15.1941     93.777  75.385855      8.620     3.8704     38.550   10.03997   10.02708 6.4655e+00    57.1686     3.3874    42.8759   999.1358  0.000e+00
      6.131    14.9544    14.9580     94.141  75.233408      8.720     2.8876     28.615   10.09120   10.07844 5.8979e+00    54.8324     3.2468    44.4098   999.1721  0.000e+00
      6.209    14.7649    14.7685     94.398  75.080950      8.831     1.9502     19.246   10.13264   10.12000 5.2342e+00    52.5154     2.9717    47.5724   999.2008  0.000e+00
      6.291    14.5827    14.5862     94.293  74.653987      8.948     1.1014     10.827   10.17281   10.16027 4.8563e+00    50.7241     2.8729    48.7614   999.2279  0.000e+00
      6.365    14.4109    14.4144     94.588  74.562529      9.053     0.3659      3.583   10.21093   10.19848 4.6060e+00    48.2014     2.7570    50.1946   999.2532  0.000e+00
      6.428    14.2391    14.2425     94.458  74.135574      9.143    -0.2139     -2.087   10.24931   10.23695 4.2774e+00    43.9934     2.5262    53.1766   999.2780  0.000e+00
      6.482    14.0605    14.0638     94.500  73.830625      9.220    -0.6283     -6.107   10.28950   10.27723 4.1178e+00    41.0828     2.3936    54.9696   999.3034  0.000e+00
      6.559    13.8854    13.8888     94.847  73.769670      9.329    -0.8703     -8.426   10.32913   10.31695 3.8222e+00    35.7343     2.2068    57.5963   999.3281  0.000e+00
      6.633    13.7344    13.7377     94.154  72.946252      9.434    -0.9533     -9.199   10.36359   10.35148 3.6293e+00    30.8055     2.1033    59.1065   999.3489  0.000e+00
      6.696    13.5253    13.5286     94.428  72.763316      9.525    -0.9331     -8.962   10.41158   10.39957 3.4218e+00    26.3728     2.0222    60.3177   999.3774  0.000e+00
      6.745    13.3222    13.3254     94.610  72.519386      9.593    -0.8348     -7.982   10.45861   10.44669 3.3882e+00    23.2587     1.9834    60.9055   999.4044  0.000e+00
      6.792    13.1694    13.1725     94.869  72.427931      9.661    -0.6935     -6.608   10.49422   10.48237 3.1813e+00    20.4943     1.9901    60.8033   999.4246  0.000e+00
      6.850    13.0665    13.0697     94.725  72.122988      9.743    -0.5239     -4.981   10.51833   10.50652 3.0753e+00    17.9441     1.9650    61.1868   999.4380  0.000e+00
      6.918    12.9708    12.9739     94.081  71.452099      9.840    -0.3659     -3.472   10.54087   10.52909 2.9080e+00    15.3006     1.9080    62.0648   999.4502  0.000e+00
      6.986    12.8293    12.8324     93.143  70.476299      9.937    -0.2259     -2.136   10.57433   10.56261 2.7905e+00    13.5517     1.8971    62.2336   999.4679  0.000e+00
      7.061    12.6218    12.6248     92.441  69.561546     10.043    -0.1057     -0.995   10.62374   10.61210 2.7286e+00    11.9448     1.8981    62.2188   999.4936  0.000e+00
      7.121    12.3761    12.3791     92.315  69.012741     10.128    -0.0057     -0.053   10.68276   10.67121 2.7111e+00    10.9548     1.8947    62.2706   999.5234  0.000e+00
      7.177    12.1423    12.1452     92.978  69.073777     10.207     0.0863      0.804   10.73946   10.72798 2.5808e+00     9.7995     1.9031    62.1403   999.5514  0.000e+00
      7.252    11.9684    11.9713     93.209  68.921357     10.315     0.1758      1.630   10.78197   10.77054 2.4449e+00     8.9706     1.9146    61.9627   999.5718  0.000e+00
      7.327    11.8294    11.8322     93.437  68.829914     10.422     0.2748      2.541   10.81617   10.80479 2.4038e+00     8.0527     1.9136    61.9775   999.5879  0.000e+00
      7.404    11.6845    11.6873     93.931  68.921422     10.531     0.3848      3.546   10.85201   10.84066 2.3025e+00     7.2683     1.9119    62.0041   999.6045  0.000e+00
      7.480    11.5429    11.5456     94.295  68.921454     10.639     0.4853      4.457   10.88726   10.87595 2.2044e+00     6.8846     1.9579    61.2949   999.6205  0.000e+00
      7.550    11.4124    11.4152     94.633  68.921484     10.739     0.5561      5.092   10.91990   10.90862 2.1422e+00     6.8613     2.0595    59.7580   999.6350  0.000e+00
      7.613    11.2976    11.3003     94.806  68.830035     10.828     0.6049      5.525   10.94878   10.93752 2.0622e+00     6.8168     2.3345    55.7870   999.6475  0.000e+00
      7.674    11.2145    11.2172     95.024  68.830054     10.915     0.6116      5.575   10.96975   10.95852 2.0118e+00     6.9991     2.5786    52.4852   999.6565  0.000e+00
      7.737    11.1592    11.1619     95.169  68.830066     11.004     0.5903      5.374   10.98378   10.97255 1.9420e+00     8.9324     2.7838    49.8600   999.6626  0.000e+00
      7.818    11.1035    11.1061     95.316  68.830079     11.120     0.5344      4.859   10.99791   10.98670 1.7866e+00    10.8297     2.9173    48.2239   999.6688  0.000e+00
      7.898    11.0423    11.0450     95.605  68.921569     11.234     0.4660      4.231   11.01347   11.00227 1.6965e+00    11.9321     2.9142    48.2609   999.6755  0.000e+00
      7.973    10.9757    10.9784     95.909  69.013060     11.340     0.3906      3.541   11.03045   11.01926 1.5805e+00    13.1998     2.8575    48.9494   999.6827  0.000e+00
      8.050    10.9044    10.9070     96.015  68.952093     11.450     0.3313      2.999   11.04870   11.03752 1.4530e+00    13.4075     2.7980    49.6838   999.6903  0.000e+00
      8.123    10.8275    10.8301     96.306  69.013094     11.553     0.2861      2.585   11.06844   11.05727 1.3386e+00    13.2061     2.7848    49.8482   999.6984  0.000e+00
      8.188    10.7384    10.7410     96.418  68.921639     11.647     0.2483      2.239   11.09137   11.08022 1.2987e+00    13.1277     2.8298    49.2900   999.7075  0.000e+00
      8.270    10.6558    10.6584     96.642  68.921658     11.762     0.2368      2.131   11.11271   11.10157 1.1680e+00    13.2401     2.9089    48.3246   999.7160  0.000e+00
      8.354    10.5923    10.5949     96.557  68.738722     11.883     0.2241      2.014   11.12917   11.11804 1.1075e+00    12.4748     2.9550    47.7708   999.7225  0.000e+00
      8.437    10.5250    10.5275     96.397  68.494806     12.000     0.2199      1.973   11.14668   11.13556 1.0618e+00    11.7455     3.0728    46.3850   999.7293  0.000e+00
      8.501    10.4514    10.4539     96.382  68.342367     12.091     0.2178      1.951   11.16586   11.15474 1.0045e+00    11.2431     3.1837    45.1161   999.7365  0.000e+00
      8.574    10.3852    10.3877     96.347  68.189927     12.195     0.2163      1.934   11.18316   11.17205 9.3244e-01    10.9103     3.2711    44.1418   999.7430  0.000e+00
      8.649    10.3319    10.3344     96.492  68.189940     12.302     0.2192      1.958   11.19713   11.18603 8.9538e-01    10.4163     3.3365    43.4252   999.7484  0.000e+00
      8.695    10.2875    10.2899     96.960  68.433878     12.367     0.2121      1.892   11.20879   11.19769 8.8032e-01     9.8207     3.3891    42.8581   999.7529  0.000e+00
      8.729    10.2464    10.2489     97.289  68.586344     12.416     0.2178      1.941   11.21957   11.20848 8.6512e-01     9.2271     3.4255    42.4702   999.7569  0.000e+00
      8.793    10.2174    10.2198     97.499  68.677825     12.506     0.2176      1.938   11.22722   11.21612 7.9189e-01     8.8201     3.4716    41.9831   999.7599  0.000e+00
      8.876    10.2013    10.2038     98.020  69.013240     12.625     0.2136      1.901   11.23144   11.22035 7.3153e-01     8.4342     3.4681    42.0201   999.7620  0.000e+00
      8.941    10.1769    10.1793     98.088  69.013246     12.717     0.2108      1.876   11.23788   11.22679 7.2039e-01     8.2095     3.4420    42.2955   999.7645  0.000e+00
      8.995    10.1473    10.1498     98.040  68.921776     12.794     0.2137      1.900   11.24569   11.23460 6.5971e-01     8.0484     3.4281    42.4421   999.7674  0.000e+00
      9.077    10.1270    10.1294     97.967  68.830306     12.911     0.2043      1.815   11.25107   11.23998 6.0125e-01     8.0654     3.3668    43.0980   999.7696  0.000e+00
      9.164    10.1091    10.1115     98.364  69.074247     13.035     0.2025      1.799   11.25580   11.24471 5.6712e-01     8.0654     3.2850    43.9878   999.7718  0.000e+00
      9.233    10.0881    10.0905     98.553  69.165728     13.133     0.1995      1.771   11.26136   11.25027 5.3653e-01     7.9297     3.2142    44.7740   999.7740  0.000e+00
      9.300    10.0712    10.0736     98.383  69.013272     13.228     0.1988      1.764   11.26584   11.25476 4.8608e-01     7.9043     3.1247    45.7868   999.7758  0.000e+00
      9.378    10.0581    10.0606     98.638  69.165736     13.339     0.1942      1.723   11.26930   11.25822 4.5130e-01     7.7326     3.0293    46.8913   999.7774  0.000e+00
      9.455    10.0460    10.0484     98.802  69.257217     13.449     0.1942      1.723   11.27253   11.26145 4.2267e-01     7.2662     2.9591    47.7220   999.7789  0.000e+00
      9.527    10.0314    10.0338     99.191  69.501162     13.550     0.1899      1.684   11.27638   11.26529 3.9877e-01     6.8295     2.8660    48.8458   999.7807  0.000e+00
      9.584    10.0174    10.0198     99.231  69.501165     13.631     0.1820      1.613   11.28011   11.26903 3.7032e-01     6.4288     2.8362    49.2115   999.7822  0.000e+00
      9.645    10.0019    10.0043     99.144  69.409691     13.719     0.1826      1.618   11.28422   11.27314 3.5011e-01     6.1066     2.8006    49.6512   999.7838  0.000e+00
      9.709     9.9887     9.9911     99.138  69.379201     13.810     0.1757      1.556   11.28774   11.27666 3.2454e-01     5.7865     2.7988    49.6734   999.7853  0.000e+00
      9.778     9.9789     9.9813     99.079  69.318219     13.908     0.1770      1.568   11.29034   11.27926 3.0633e-01     5.4770     2.7736    49.9873   999.7864  0.000e+00
      9.843     9.9691     9.9715     99.238  69.409699     14.000     0.1747      1.547   11.29295   11.28187 2.9632e-01     5.1632     2.8234    49.3684   999.7877  0.000e+00
      9.916     9.9581     9.9605     99.269  69.409702     14.103     0.1704      1.508   11.29588   11.28480 2.6778e-01     4.9597     2.8924    48.5245   999.7890  0.000e+00
     10.008     9.9484     9.9508     99.514  69.562169     14.235     0.1683      1.490   11.29846   11.28738 2.4680e-01     4.7393     2.9735    47.5502   999.7903  0.000e+00
     10.093     9.9373     9.9397     99.677  69.653652     14.355     0.1691      1.496   11.30141   11.29033 2.3715e-01     4.6099     2.9908    47.3459   999.7918  0.000e+00
     10.173     9.9260     9.9284     99.578  69.562176     14.469     0.1677      1.483   11.30444   11.29336 2.2044e-01     4.4637     2.9672    47.6257   999.7931  0.000e+00
     10.265     9.9168     9.9192     99.517  69.501192     14.600     0.1646      1.456   11.30689   11.29581 2.0645e-01     4.3301     2.9786    47.4895   999.7943  0.000e+00
     10.356     9.9100     9.9124     99.405  69.409716     14.730     0.1643      1.453   11.30870   11.29762 1.9438e-01     4.2199     2.9351    48.0092   999.7953  0.000e+00
     10.437     9.9051     9.9075     99.550  69.501196     14.844     0.1528      1.351   11.31000   11.29892 1.8305e-01     4.1372     2.9207    48.1824   999.7961  0.000e+00
     10.508     9.9002     9.9026     99.652  69.562184     14.946     0.1518      1.342   11.31131   11.30023 1.7809e-01     4.1351     2.9128    48.2772   999.7969  0.000e+00
     10.576     9.8939     9.8963     99.670  69.562185     15.043     0.1578      1.395   11.31299   11.30191 1.7035e-01     4.0249     2.8890    48.5659   999.7978  0.000e+00
     10.624     9.8882     9.8905     99.599  69.501201     15.111     0.1480      1.308   11.31454   11.30346 1.6339e-01     3.9507     2.8749    48.7377   999.7985  0.000e+00
     10.672     9.8818     9.8842     99.617  69.501203     15.179     0.1404      1.240   11.31623   11.30516 1.6718e-01     3.9210     2.8698    48.7999   999.7993  0.000e+00
     10.725     9.8775     9.8799     99.848  69.653669     15.255     0.1456      1.286   11.31738   11.30630 1.7207e-01     3.8447     2.8555    48.9746   999.8000  0.000e+00
     10.795     9.8746     9.8769     99.987  69.745150     15.354     0.1378      1.218   11.31816   11.30708 1.6418e-01     3.7705     2.8392    49.1745   999.8006  0.000e+00
     10.864     9.8700     9.8724    100.001  69.745151     15.452     0.1409      1.244   11.31937   11.30830 1.5805e-01     3.7005     2.8218    49.3892   999.8013  0.000e+00
     10.922     9.8644     9.8667    100.104  69.806140     15.535     0.1459      1.289   11.32088   11.30980 1.5267e-01     3.6687     2.8098    49.5372   999.8021  0.000e+00
     10.999     9.8605     9.8629    100.028  69.745154     15.644     0.1436      1.268   11.32191   11.31084 1.4789e-01     3.5754     2.7818    49.8852   999.8028  0.000e+00
     11.074     9.8574     9.8597    100.124  69.806142     15.751     0.1383      1.222   11.32275   11.31168 1.4172e-01     3.5839     2.7327    50.5011   999.8035  0.000e+00
     11.163     9.8535     9.8558    100.267  69.897624     15.877     0.1429      1.262   11.32379   11.31272 1.3565e-01     3.5564     2.7272    50.5707   999.8043  0.000e+00
     11.244     9.8496     9.8520    100.278  69.897625     15.993     0.1407      1.243   11.32482   11.31375 1.3652e-01     3.4419     2.6748    51.2370   999.8050  0.000e+00
