data/ctd_cnv_files/2024.02.24 Okaro 1 143.cnv
* Sea-Bird SBE19plus Data File:
* FileName = C:\Users\instrument\Desktop\Iola Rosa. CTD Casts\February 2024\Feb143.hex
* Software Version 1.59
* Temperature SN =  4268
* Conductivity SN =  4268
* System UpLoad Time = Feb 26 2024 13:59:39
* ds
* SeacatPlus V 1.6  SERIAL NO. 4268    26 Feb 2024  13:53:56
# nquan = 16
# nvalues = 760                                   
# units = specified
# name 0 = depFM: Depth [fresh water, m]
# name 1 = tv290C: Temperature [ITS-90, deg C]
# name 2 = tv268C: Temperature [IPTS-68, deg C]
# name 3 = specc: Specific Conductance [uS/cm]
# name 4 = c0uS/cm: Conductivity [uS/cm]
# name 5 = prdE: Pressure, Strain Gauge [psi]
# name 6 = sbeox0Mg/L: Oxygen, SBE 43 [mg/l]
# name 7 = sbeox0PS: Oxygen, SBE 43 [% saturation]
# name 8 = oxsolMg/L: Oxygen Saturation, Garcia & Gordon [mg/l]
# name 9 = oxsatMg/L: Oxygen Saturation, Weiss [mg/l]
# name 10 = par: PAR/Irradiance, Biospherical/Licor
# name 11 = flCM: Fluorescence, Chelsea Mini Chl Con [ug/l]
# name 12 = bat: Beam Attenuation, Chelsea/Seatech [1/m]
# name 13 = xmiss: Beam Transmission, Chelsea/Seatech [%]
# name 14 = density00: Density [density, kg/m^3]
# name 15 = flag:  0.000e+00
# span 0 =     -0.634,     15.134                 
# span 1 =     9.8450,    22.7236                 
# span 2 =     9.8473,    22.7290                 
# span 3 =     -2.299,    295.656                 
# span 4 =  -2.029214, 277.048872                 
# span 5 =     -0.902,     21.525                 
# span 6 =    -0.6501,     9.4426                 
# span 7 =     -6.296,    109.402                 
# span 8 =    8.62070,   11.32593                 
# span 9 =    8.60250,   11.31485                 
# span 10 = 8.8294e-02, 6.2143e+02                
# span 11 =    -0.3612,    38.7382                
# span 12 =     1.4383,    11.1441                
# span 13 =     6.1666,    69.7981                
# span 14 =   997.6445,   999.8249                
# span 15 = 0.0000e+00, 0.0000e+00                
# interval = seconds: 0.25
# start_time = Feb 22 2024 09:31:04 [Instrument's time stamp, header]
# bad_flag = -9.990e-29
*END*
[from data line 91]
      0.063    22.3499    22.3553    143.325 135.743443      0.090     7.2266     83.242    8.68140    8.66345 1.1242e+02     2.9437     1.7851    64.0000   997.7461  0.000e+00
      0.072    22.3785    22.3839    152.246 144.280388      0.103     7.3169     84.331    8.67644    8.65847 1.5243e+02     2.9013     1.8012    63.7439   997.7427  0.000e+00
      0.071    22.3982    22.4036    178.541 169.269353      0.101     7.3422     84.660    8.67256    8.65458 1.6164e+02     2.8589     1.7995    63.7705   997.7474  0.000e+00
      0.074    22.4115    22.4169    195.720 185.608435      0.106     7.3127     84.345    8.66995    8.65195 1.0509e+02     2.8738     1.8087    63.6239   997.7504  0.000e+00
      0.078    22.4313    22.4367    186.395 176.839473      0.111     7.2369     83.500    8.66689    8.64888 1.1147e+02     2.9543     1.8362    63.1886   997.7425  0.000e+00
      0.082    22.4428    22.4482    170.140 161.456966      0.117     7.1286     82.266    8.66536    8.64734 9.6971e+01     3.0179     1.8155    63.5158   997.7342  0.000e+00
      0.088    22.4410    22.4464    165.402 156.954736      0.125     6.9999     80.776    8.66577    8.64775 9.6971e+01     3.0433     1.8124    63.5647   997.7329  0.000e+00
      0.073    22.4359    22.4412    207.323 196.713007      0.104     6.8648     79.219    8.66564    8.64763 1.0380e+02     3.0624     1.8381    63.1590   997.7489  0.000e+00
      0.065    22.4259    22.4313    186.352 176.778168      0.092     6.7339     77.689    8.66778    8.64977 9.3910e+01     3.0264     1.8188    63.4640   997.7437  0.000e+00
      0.065    22.4204    22.4257    169.091 160.384927      0.092     6.6155     76.311    8.66911    8.65110 9.1237e+01     2.9098     1.7806    64.0726   997.7389  0.000e+00
      0.063    22.4139    22.4192    159.911 151.657487      0.090     6.5120     75.106    8.67040    8.65240 9.4709e+01     2.8992     1.7764    64.1407   997.7372  0.000e+00
      0.062    22.4018    22.4072    165.474 156.893508      0.089     6.4206     74.036    8.67227    8.65428 1.0765e+02     2.9607     1.7700    64.2428   997.7419  0.000e+00
      0.066    22.3809    22.3863    174.274 165.163666      0.093     6.3431     73.115    8.67553    8.65755 1.1579e+02     2.9946     1.8154    63.5173   997.7498  0.000e+00
      0.063    22.3629    22.3683    181.035 171.506407      0.090     6.2741     72.296    8.67837    8.66040 1.2497e+02     3.0115     1.7820    64.0503   997.7564  0.000e+00
      0.066    22.3526    22.3579    181.625 172.027402      0.093     6.2065     71.503    8.68007    8.66212 1.3011e+02     3.0009     1.7794    64.0918   997.7590  0.000e+00
      0.065    22.3463    22.3517    185.079 175.276225      0.092     6.1497     70.841    8.68103    8.66308 1.2860e+02     3.0306     1.7625    64.3628   997.7616  0.000e+00
      0.060    22.3397    22.3450    184.652 174.847110      0.086     6.0949     70.200    8.68215    8.66420 1.5647e+02     3.0963     1.7721    64.2088   997.7630  0.000e+00
      0.061    22.3327    22.3380    181.086 171.445132      0.087     6.0412     69.572    8.68339    8.66545 1.5135e+02     3.1091     1.7677    64.2798   997.7634  0.000e+00
      0.059    22.3268    22.3321    180.040 170.433846      0.084     5.9931     69.010    8.68440    8.66646 1.5951e+02     3.1960     1.7814    64.0592   997.7643  0.000e+00
      0.061    22.3223    22.3276    178.924 169.361323      0.087     5.9422     68.418    8.68518    8.66724 1.7164e+02     3.1366     1.8292    63.2997   997.7650  0.000e+00
      0.061    22.3182    22.3235    179.458 169.851615      0.087     5.9076     68.014    8.68585    8.66791 1.6630e+02     3.1197     1.7943    63.8534   997.7661  0.000e+00
      0.060    22.3137    22.3191    178.860 169.269399      0.086     5.8713     67.590    8.68660    8.66867 1.5115e+02     3.0158     1.7641    64.3376   997.7669  0.000e+00
      0.060    22.3086    22.3140    179.656 170.004839      0.086     5.8402     67.226    8.68743    8.66950 1.5697e+02     2.9246     1.7567    64.4560   997.7684  0.000e+00
      0.061    22.3038    22.3092    180.128 170.433858      0.087     5.8089     66.860    8.68821    8.67029 1.4130e+02     2.9098     1.7596    64.4101   997.7697  0.000e+00
      0.060    22.2989    22.3042    182.090 172.272608      0.086     5.7838     66.564    8.68899    8.67107 1.0760e+02     2.9352     1.7576    64.4427   997.7715  0.000e+00
      0.059    22.2934    22.2988    179.811 170.096778      0.084     5.7557     66.234    8.68995    8.67204 9.7685e+01     3.0497     1.7812    64.0637   997.7719  0.000e+00
      0.061    22.2884    22.2937    178.340 168.687212      0.087     5.7282     65.911    8.69083    8.67291 9.0260e+01     3.0221     1.7947    63.8475   997.7726  0.000e+00
      0.062    22.2835    22.2889    177.905 168.258234      0.089     5.7021     65.605    8.69165    8.67374 8.9232e+01     2.9797     1.8016    63.7379   997.7735  0.000e+00
      0.066    22.2795    22.2848    180.383 170.587094      0.093     5.6733     65.269    8.69227    8.67436 9.7595e+01     2.9670     1.7625    64.3628   997.7754  0.000e+00
      0.068    22.2745    22.2799    183.221 173.253355      0.096     5.6474     64.965    8.69303    8.67512 1.0696e+02     2.9162     1.7585    64.4279   997.7775  0.000e+00
      0.065    22.2695    22.2748    188.201 177.943142      0.092     5.6228     64.676    8.69375    8.67585 1.1986e+02     2.9289     1.7621    64.3702   997.7804  0.000e+00
      0.066    22.2640    22.2694    187.931 177.667246      0.093     5.5989     64.395    8.69466    8.67677 1.4127e+02     3.0179     1.7849    64.0044   997.7816  0.000e+00
      0.061    22.2592    22.2645    184.804 174.693901      0.087     5.5714     64.072    8.69555    8.67765 1.4395e+02     3.0985     1.7986    63.7853   997.7816  0.000e+00
      0.060    22.2548    22.2601    178.370 168.595305      0.086     5.5417     63.724    8.69644    8.67855 1.4637e+02     3.1345     1.8025    63.7231   997.7803  0.000e+00
      0.060    22.2511    22.2564    176.471 166.787532      0.086     5.5167     63.432    8.69709    8.67920 1.6407e+02     3.2214     1.7689    64.2606   997.7805  0.000e+00
      0.066    22.2478    22.2531    180.439 170.525823      0.093     5.4905     63.127    8.69755    8.67967 1.7059e+02     3.1663     1.7443    64.6574   997.7827  0.000e+00
      0.067    22.2439    22.2493    187.394 177.084815      0.095     5.4772     62.970    8.69803    8.68014 1.5142e+02     3.2108     1.7553    64.4797   997.7860  0.000e+00
      0.067    22.2390    22.2443    191.924 181.346231      0.095     5.4461     62.608    8.69874    8.68086 1.1384e+02     3.2405     1.7467    64.6174   997.7888  0.000e+00
      0.065    22.2350    22.2403    193.173 182.511380      0.092     5.4274     62.388    8.69938    8.68150 1.5177e+02     3.1387     1.7454    64.6396   997.7901  0.000e+00
      0.065    22.2311    22.2364    188.970 178.525632      0.092     5.4044     62.118    8.70013    8.68226 1.6524e+02     3.1027     1.7488    64.5849   997.7895  0.000e+00
      0.063    22.2274    22.2328    185.448 175.184338      0.090     5.3788     61.820    8.70083    8.68296 1.4362e+02     3.0963     1.7500    64.5641   997.7891  0.000e+00
      0.061    22.2232    22.2285    183.777 173.590521      0.087     5.3576     61.571    8.70158    8.68371 1.3728e+02     3.1197     1.7756    64.1525   997.7895  0.000e+00
      0.065    22.2187    22.2240    186.878 176.502403      0.092     5.3428     61.395    8.70226    8.68439 1.4732e+02     3.1663     1.8065    63.6595   997.7916  0.000e+00
      0.061    22.2133    22.2187    191.574 180.916999      0.087     5.3132     61.050    8.70304    8.68518 1.4208e+02     3.1493     1.8207    63.4329   997.7945  0.000e+00
      0.060    22.2086    22.2139    192.794 182.051461      0.086     5.2939     60.823    8.70381    8.68595 1.2934e+02     3.1642     1.8177    63.4818   997.7960  0.000e+00
      0.061    22.2046    22.2099    190.570 179.935900      0.087     5.2713     60.558    8.70453    8.68667 1.2259e+02     3.2257     1.8143    63.5351   997.7962  0.000e+00
      0.060    22.2008    22.2062    189.773 179.169448      0.086     5.2514     60.325    8.70517    8.68732 1.2360e+02     3.2808     1.8171    63.4907   997.7967  0.000e+00
      0.060    22.1964    22.2017    184.856 174.510032      0.086     5.2309     60.083    8.70602    8.68817 1.1515e+02     3.1960     1.7918    63.8934   997.7960  0.000e+00
      0.062    22.1919    22.1972    180.815 170.679077      0.089     5.2157     59.903    8.70687    8.68903 1.1032e+02     3.1112     1.7767    64.1347   997.7956  0.000e+00
      0.065    22.1885    22.1938    181.445 171.261338      0.092     5.1893     59.596    8.70743    8.68958 1.0768e+02     3.0455     1.7766    64.1377   997.7966  0.000e+00
      0.066    22.1866    22.1919    185.609 175.184361      0.093     5.1787     59.473    8.70765    8.68981 1.0516e+02     3.0412     1.7890    63.9378   997.7985  0.000e+00
      0.068    22.1834    22.1887    199.396 188.184789      0.096     5.1686     59.356    8.70786    8.69001 1.0738e+02     2.9861     1.7600    64.4042   997.8042  0.000e+00
      0.068    22.1799    22.1853    205.262 193.706356      0.096     5.1534     59.178    8.70830    8.69046 1.1704e+02     2.9416     1.7392    64.7388   997.8071  0.000e+00
      0.067    22.1796    22.1849    203.573 192.111083      0.095     5.1407     59.032    8.70840    8.69056 1.0770e+02     2.9289     1.7554    64.4782   997.8065  0.000e+00
      0.065    22.1797    22.1850    199.574 188.338148      0.092     5.1244     58.844    8.70848    8.69064 1.0944e+02     2.9225     1.8669    62.7059   997.8051  0.000e+00
      0.065    22.1775    22.1828    195.814 184.780576      0.092     5.1150     58.732    8.70893    8.69110 1.1309e+02     2.8865     1.8523    62.9340   997.8042  0.000e+00
      0.065    22.1740    22.1793    195.633 184.596582      0.092     5.1902     59.592    8.70952    8.69168 1.0227e+02     2.8377     1.7736    64.1851   997.8050  0.000e+00
      0.062    22.1691    22.1745    199.456 188.184798      0.089     5.4454     62.517    8.71024    8.69241 1.0292e+02     2.8377     1.7636    64.3465   997.8074  0.000e+00
      0.062    22.1640    22.1693    198.243 187.019329      0.089     5.7943     66.516    8.71113    8.69331 9.9241e+01     2.7953     1.7695    64.2502   997.8082  0.000e+00
      0.065    22.1592    22.1645    191.729 180.855710      0.092     6.1528     70.624    8.71208    8.69426 9.7841e+01     2.7805     1.7535    64.5079   997.8070  0.000e+00
      0.072    22.1552    22.1605    186.512 175.920030      0.103     6.4724     74.285    8.71287    8.69505 9.8833e+01     2.7317     1.7498    64.5686   997.8060  0.000e+00
      0.074    22.1520    22.1573    191.563 180.671755      0.106     6.7284     77.220    8.71329    8.69547 1.0721e+02     2.7190     1.7584    64.4294   997.8086  0.000e+00
      0.080    22.1487    22.1540    206.374 194.626782      0.114     6.9073     79.271    8.71350    8.69568 1.0266e+02     2.8144     1.7641    64.3376   997.8147  0.000e+00
      0.072    22.1458    22.1511    219.664 207.148447      0.103     6.9840     80.150    8.71367    8.69585 1.0684e+02     2.8950     1.7506    64.5552   997.8200  0.000e+00
      0.071    22.1489    22.1542    215.939 203.648970      0.101     6.9504     79.769    8.71324    8.69542 1.2022e+02     2.9119     1.7439    64.6633   997.8180  0.000e+00
      0.068    22.1511    22.1564    202.622 191.098781      0.096     6.8577     78.705    8.71319    8.69537 1.3596e+02     2.9395     1.7544    64.4945   997.8127  0.000e+00
      0.068    22.1493    22.1546    196.353 185.179255      0.096     6.7289     77.223    8.71364    8.69582 1.4218e+02     2.9967     1.7747    64.1673   997.8109  0.000e+00
      0.065    22.1453    22.1506    202.289 190.761356      0.092     6.6040     75.785    8.71416    8.69635 1.4414e+02     2.9479     1.7810    64.0666   997.8139  0.000e+00
      0.066    22.1400    22.1454    205.435 193.706381      0.093     6.4972     74.552    8.71497    8.69716 1.4448e+02     2.8568     1.7644    64.3331   997.8162  0.000e+00
      0.065    22.1346    22.1399    198.724 187.356714      0.092     6.4044     73.478    8.71604    8.69823 1.4441e+02     2.7762     1.7730    64.1940   997.8151  0.000e+00
      0.069    22.1305    22.1359    196.009 184.780604      0.098     6.3251     72.562    8.71678    8.69898 1.3547e+02     2.8314     1.7694    64.2532   997.8151  0.000e+00
      0.069    22.1271    22.1324    204.418 192.693990      0.098     6.2599     71.811    8.71717    8.69936 1.3956e+02     2.9225     1.7638    64.3420   997.8188  0.000e+00
      0.067    22.1227    22.1281    210.459 198.370214      0.095     6.2040     71.166    8.71775    8.69995 1.4335e+02     3.0200     1.7744    64.1718   997.8220  0.000e+00
      0.070    22.1194    22.1247    204.549 192.786029      0.100     6.1501     70.542    8.71844    8.70064 1.3931e+02     3.0391     1.7831    64.0326   997.8206  0.000e+00
      0.068    22.1176    22.1229    204.719 192.939421      0.096     6.1010     69.976    8.71875    8.70095 1.3491e+02     3.1472     1.7640    64.3391   997.8211  0.000e+00
      0.070    22.1148    22.1201    215.737 203.311355      0.100     6.0579     69.479    8.71896    8.70116 1.6849e+02     3.0794     1.7725    64.2029   997.8257  0.000e+00
      0.066    22.1108    22.1161    224.096 211.170541      0.093     6.0144     68.977    8.71943    8.70163 1.6737e+02     2.9861     1.7522    64.5301   997.8296  0.000e+00
      0.066    22.1088    22.1141    214.690 202.298482      0.093     5.9760     68.532    8.71999    8.70220 1.5543e+02     3.0349     1.7479    64.5982   997.8267  0.000e+00
      0.068    22.1077    22.1130    205.121 193.276892      0.096     5.9354     68.064    8.72040    8.70261 1.8369e+02     3.0624     1.7515    64.5404   997.8235  0.000e+00
      0.067    22.1056    22.1109    206.204 194.289322      0.095     5.8982     67.634    8.72072    8.70293 1.7744e+02     3.0963     1.7432    64.6752   997.8244  0.000e+00
      0.069    22.1019    22.1072    214.624 202.206409      0.098     5.9086     67.751    8.72114    8.70336 1.7651e+02     3.1048     1.7374    64.7685   997.8282  0.000e+00
      0.068    22.0972    22.1025    223.900 210.924905      0.096     6.0570     69.448    8.72172    8.70393 1.5101e+02     3.0942     1.7375    64.7670   997.8326  0.000e+00
      0.067    22.0930    22.0983    228.451 215.193417      0.095     6.2828     72.032    8.72230    8.70452 1.5135e+02     3.0942     1.7645    64.3317   997.8352  0.000e+00
      0.066    22.0891    22.0944    226.481 213.320079      0.093     6.5128     74.663    8.72300    8.70523 1.5352e+02     3.1578     1.7584    64.4294   997.8354  0.000e+00
      0.067    22.0834    22.0887    216.957 204.324304      0.095     6.7076     76.885    8.72418    8.70641 1.4290e+02     3.2045     1.7582    64.4323   997.8333  0.000e+00
      0.067    22.0780    22.0833    213.853 201.377749      0.095     6.8536     78.550    8.72517    8.70740 1.5597e+02     3.1960     1.7556    64.4753   997.8334  0.000e+00
      0.062    22.0734    22.0787    219.220 206.411714      0.089     6.9316     79.438    8.72580    8.70804 1.6471e+02     3.1960     1.7566    64.4590   997.8363  0.000e+00
      0.064    22.0676    22.0729    221.008 208.069515      0.092     6.9433     79.564    8.72674    8.70898 1.4085e+02     3.1387     1.7465    64.6219   997.8383  0.000e+00
      0.068    22.0612    22.0665    219.342 206.473120      0.096     6.8792     78.819    8.72786    8.71010 1.5643e+02     3.1048     1.7338    64.8262   997.8392  0.000e+00
